1514	0.000000000
165	0.000153000
60	0.000245000
1514	0.000224000
679	0.000096000
60	0.000646000
597	0.489457000
54	0.037671000
1404	0.022778000
54	0.000042000
275	0.128439000
54	0.000038000
597	0.007042000
60	0.000229000
1514	2.739864000
165	0.000354000
60	0.000274000
1514	0.000298000
1514	0.000229000
1235	0.000241000
1514	0.000425000
60	0.000200000
60	0.000005000
1514	0.000037000
1304	0.000096000
1514	0.000105000
60	0.000422000
60	0.000005000
719	0.000040000
1514	0.000543000
60	0.000007000
1514	0.000000000
1235	0.000014000
60	0.000063000
1514	0.000100000
60	0.000074000
1514	0.000042000
287	0.000086000
60	0.000061000
60	0.000108000
1514	0.111170000
165	0.000856000
60	0.000443000
1514	0.000448000
165	0.000146000
60	0.000295000
597	0.230064000
54	0.039729000
597	0.150340000
54	0.000042000
1404	0.069471000
54	0.000039000
275	0.119363000
54	0.000047000
597	0.007835000
60	0.000211000
597	0.139823000
597	0.004566000
60	0.001790000
597	1.551789000
54	0.038361000
1514	0.882893000
165	0.000019000
60	0.000245000
1514	0.000207000
165	0.000151000
60	0.000259000
1514	0.003893000
1193	0.000132000
60	0.000482000
597	0.000014000
60	0.000690000
597	0.212373000
54	0.000045000
597	0.209788000
54	0.000047000
597	0.009124000
60	0.001139000
597	0.140260000
54	0.037814000
1140	0.152165000
54	0.000048000
597	0.008702000
60	0.000445000
597	1.372420000
54	0.038814000
597	1.886037000
54	0.000043000
597	3.478314000
54	0.000042000
597	1.596132000
54	0.000043000
597	2.800144000
54	0.000042000
597	0.365152000
54	0.000043000
597	4.627264000
54	0.000040000
597	0.369764000
54	0.000045000
1514	3.140069000
165	0.000339000
60	0.000174000
1111	0.000148000
60	0.000297000
597	0.000119000
60	0.000227000
597	0.000114000
60	0.000179000
597	0.437798000
54	0.000050000
1404	0.186238000
54	0.000048000
304	0.006095000
54	0.000029000
597	0.006007000
60	0.001732000
597	0.845935000
54	0.040709000
597	1.595244000
54	0.000043000
597	3.363521000
54	0.000065000
597	1.704589000
54	0.000046000
1404	1.329283000
54	0.000071000
1474	0.000561000
54	0.000028000
397	0.000036000
54	0.000014000
1514	0.077673000
1193	0.000275000
60	0.000122000
597	0.540151000
54	0.000044000
597	0.008729000
60	0.000236000
1514	1.334545000
165	0.000223000
60	0.000314000
1514	0.001453000
165	0.000095000
60	0.000699000
1514	0.035837000
1193	0.000404000
60	0.000424000
597	0.000013000
60	0.000598000
1514	0.001670000
165	0.000281000
60	0.000131000
1514	0.000174000
165	0.000091000
60	0.000346000
597	0.272746000
54	0.038330000
597	0.162286000
54	0.000057000
1404	0.097831000
54	0.000043000
597	0.007216000
60	0.000549000
818	0.083683000
597	0.002227000
60	0.000991000
1140	0.188247000
597	0.002022000
60	0.000592000
1514	0.147573000
165	0.000229000
60	0.000205000
1111	0.000207000
60	0.000232000
597	0.000128000
60	0.000970000
597	0.475458000
597	0.000301000
60	0.000199000
597	0.005091000
60	0.000810000
597	0.133294000
54	0.037645000
1514	3.539825000
165	0.000507000
60	0.000769000
1514	0.000294000
165	0.000008000
60	0.002874000
60	0.000022000
1514	0.576733000
165	0.000016000
60	0.001121000
1111	0.000019000
60	0.000329000
597	0.000093000
60	0.000260000
597	0.173511000
54	0.000047000
597	0.010398000
60	0.000292000
1514	0.035954000
1193	0.000536000
60	0.000371000
597	0.000019000
60	0.000240000
597	0.386500000
597	0.003514000
60	0.000222000
1111	0.192938000
597	0.011726000
60	0.000268000
597	0.140433000
54	0.037178000
597	1.575581000
60	0.000397000
597	0.190230000
54	0.000045000
597	0.002410000
60	0.000474000
597	0.001107000
60	0.000177000
597	0.411446000
54	0.037440000
597	0.143760000
54	0.000044000
1404	0.022316000
54	0.000096000
1404	0.000048000
54	0.000017000
1404	0.012963000
54	0.000022000
174	0.130872000
54	0.000037000
597	0.021543000
60	0.000707000
597	0.438997000
597	0.014093000
60	0.000759000
1514	0.001348000
1193	0.000523000
60	0.000196000
1514	0.000240000
165	0.000189000
60	0.000183000
1514	0.000261000
165	0.000445000
60	0.000363000
60	0.000008000
1514	0.001519000
1514	0.000223000
60	0.000363000
1235	0.000118000
1514	0.000198000
60	0.000099000
719	0.000082000
60	0.000620000
1514	0.000156000
1514	0.000141000
1235	0.000153000
60	0.000097000
1514	0.000118000
60	0.000100000
719	0.000067000
60	0.000264000
597	0.367436000
54	0.037812000
1111	0.264502000
54	0.000047000
1474	0.015622000
54	0.000040000
1334	0.000048000
54	0.000011000
1404	0.000021000
54	0.000008000
597	0.000481000
60	0.000402000
717	0.138408000
597	0.007139000
60	0.000181000
597	0.000385000
60	0.000190000
597	0.338860000
597	0.005849000
60	0.000530000
1514	0.035272000
165	0.000356000
60	0.000118000
1111	0.000925000
60	0.000528000
597	0.000388000
60	0.000402000
1111	0.448555000
597	0.034538000
60	0.000233000
597	0.000164000
60	0.000700000
597	0.006005000
60	0.000360000
597	0.135355000
54	0.038932000
597	0.187848000
54	0.000049000
597	0.199959000
54	0.000047000
1404	0.017715000
54	0.000047000
1303	0.139085000
54	0.000041000
597	0.004904000
60	0.000276000
597	0.000124000
60	0.000116000
597	0.547192000
1474	0.010155000
54	0.000044000
1474	0.000049000
1264	0.000009000
54	0.000007000
1404	0.012188000
1514	0.012406000
165	0.000405000
60	0.000128000
1514	0.000159000
165	0.000122000
60	0.000157000
395	0.112882000
597	0.005265000
60	0.000240000
597	0.004532000
60	0.000221000
1111	0.337184000
597	0.007089000
60	0.000484000
1111	0.151150000
597	0.002635000
60	0.000171000
1514	2.581596000
1193	0.000161000
60	0.000565000
597	0.000013000
60	0.000974000
597	0.540773000
597	0.006499000
60	0.000525000
597	0.140127000
54	0.037483000
1514	1.910724000
1193	0.000195000
60	0.000187000
597	0.003346000
60	0.000823000
597	0.698109000
54	0.000048000
597	0.011472000
60	0.000264000
1514	1.136849000
165	0.000346000
60	0.000373000
1514	0.000314000
679	0.000202000
60	0.000198000
597	0.377809000
54	0.037610000
1514	0.098379000
165	0.000399000
60	0.000355000
1111	0.000018000
60	0.000458000
597	0.000141000
60	0.000258000
597	0.053244000
54	0.000043000
597	0.007438000
60	0.000270000
597	0.479139000
597	0.005449000
60	0.000646000
597	0.141605000
54	0.039557000
1514	2.901288000
165	0.000310000
60	0.000118000
1111	0.001240000
60	0.000156000
1514	0.000934000
1514	0.000317000
247	0.000090000
60	0.000473000
60	0.000008000
1514	0.000280000
1514	0.000114000
1235	0.000217000
60	0.000285000
60	0.000005000
1514	0.000092000
719	0.000297000
60	0.000447000
1514	0.000459000
1514	0.000209000
60	0.000114000
1235	0.000055000
1514	0.000166000
60	0.000065000
1514	0.000043000
1235	0.000099000
1514	0.000362000
1514	0.000107000
60	0.000067000
60	0.000005000
1384	0.000051000
60	0.000065000
60	0.000110000
1514	0.001128000
1514	0.000129000
60	0.000208000
247	0.000042000
60	0.000172000
1514	0.000432000
1514	0.000090000
1235	0.000098000
1514	0.000121000
1514	0.000609000
1514	0.000099000
1514	0.000089000
1514	0.000131000
60	0.001399000
60	0.000015000
591	0.000006000
60	0.000040000
60	0.000007000
60	0.000149000
1514	0.001089000
1514	0.000109000
247	0.000090000
60	0.000064000
60	0.000111000
1111	0.318954000
54	0.000159000
597	0.189840000
54	0.000043000
597	0.188527000
54	0.000046000
597	0.009126000
60	0.000876000
597	0.139931000
597	0.005431000
60	0.000175000
1514	0.499863000
1193	0.000549000
60	0.000538000
597	0.000020000
60	0.000257000
1111	0.674484000
597	0.007435000
60	0.001044000
597	0.140839000
54	0.040817000
1514	3.343662000
1193	0.000174000
60	0.000632000
597	0.000019000
60	0.000246000
1111	0.642382000
54	0.000041000
597	0.011362000
60	0.000322000
1514	0.130666000
1193	0.000566000
60	0.000153000
597	0.000268000
60	0.000265000
597	0.242392000
54	0.040464000
597	0.152564000
54	0.000042000
597	0.005562000
60	0.000271000
597	0.141411000
54	0.038675000
1514	4.384632000
165	0.000274000
60	0.000519000
1111	0.000296000
60	0.001520000
597	0.000022000
60	0.000253000
1514	0.266013000
165	0.000392000
1514	0.000351000
60	0.000183000
165	0.000012000
60	0.000351000
597	0.368295000
54	0.000041000
597	0.003296000
60	0.001054000
597	0.139208000
54	0.038783000
597	0.141020000
54	0.000047000
597	0.003197000
60	0.000165000
1514	4.029353000
165	0.000255000
60	0.000256000
1514	0.000203000
165	0.000135000
60	0.000799000
1111	0.573199000
597	0.008902000
60	0.000268000
597	0.140149000
54	0.040995000
1514	0.146445000
165	0.000191000
60	0.000942000
1111	0.000018000
60	0.000258000
597	0.001667000
60	0.000829000
1111	0.529610000
54	0.000054000
597	0.009717000
60	0.000610000
1474	1.977215000
54	0.038653000
205	0.000257000
54	0.000016000
1514	0.305623000
165	0.000438000
60	0.000152000
1514	0.000175000
679	0.000091000
60	0.000861000
1111	0.354535000
54	0.000052000
1111	0.179786000
54	0.000042000
597	0.323550000
54	0.000044000
1474	0.031223000
54	0.000047000
1334	0.000034000
54	0.000011000
597	0.010251000
60	0.000574000
1404	0.058102000
597	0.000382000
60	0.000338000
1514	0.029747000
165	0.000152000
60	0.000665000
1111	0.000012000
60	0.000534000
597	0.000012000
60	0.000163000
746	0.038166000
54	0.039875000
597	0.187213000
54	0.000047000
597	0.203704000
54	0.000227000
597	0.010065000
60	0.000270000
1111	0.141616000
54	0.039508000
1111	0.150189000
54	0.000052000
597	0.289044000
54	0.000046000
597	0.002219000
60	0.000204000
597	0.140083000
54	0.037422000
1111	0.911489000
54	0.000048000
1111	1.804870000
54	0.000040000
597	0.005355000
60	0.000996000
597	0.256173000
54	0.040051000
1474	0.695537000
54	0.000049000
1474	0.000045000
54	0.000016000
327	0.000034000
54	0.000011000
1514	0.094257000
1193	0.000172000
60	0.000198000
597	0.005338000
60	0.000972000
597	0.470563000
54	0.000047000
597	0.005003000
60	0.000741000
1111	0.991847000
54	0.038059000
1514	2.458774000
165	0.000368000
60	0.000285000
1514	0.003433000
165	0.000198000
60	0.000131000
597	0.240058000
54	0.000051000
597	0.266696000
54	0.000045000
597	0.004418000
60	0.000217000
597	1.480468000
54	0.038623000
1140	0.154401000
54	0.000044000
1404	0.999189000
54	0.000052000
1474	0.000301000
54	0.000010000
397	0.000023000
54	0.000009000
1514	0.081868000
165	0.000374000
60	0.000155000
1111	0.000530000
60	0.000524000
597	0.741327000
54	0.000048000
597	0.004756000
60	0.000527000
1514	1.029115000
1193	0.000269000
60	0.000304000
597	0.000122000
60	0.000118000
597	0.243506000
54	0.036849000
1111	0.163047000
54	0.000044000
597	0.004114000
60	0.000156000
1514	0.010258000
165	0.000346000
1514	0.000205000
60	0.003197000
60	0.000021000
165	0.000008000
60	0.000960000
60	0.000919000
597	0.123777000
54	0.040831000
1111	0.523473000
54	0.000047000
597	0.000319000
60	0.000323000
597	0.006433000
60	0.000221000
1514	0.058207000
1193	0.001340000
60	0.000145000
597	0.000117000
60	0.000651000
597	0.540315000
597	0.004385000
60	0.000759000
1474	0.127532000
1334	0.000034000
54	0.000014000
467	0.012501000
54	0.039725000
1514	0.069412000
165	0.000170000
60	0.000161000
1111	0.000751000
60	0.000155000
597	0.000365000
60	0.001017000
597	0.227599000
54	0.000048000
1514	0.004641000
165	0.000398000
60	0.000302000
1111	0.000013000
60	0.000507000
597	0.000012000
60	0.000907000
597	0.289767000
597	0.005057000
60	0.000134000
1111	0.380544000
597	0.005639000
60	0.000645000
1514	0.900917000
165	0.000299000
60	0.000257000
1111	0.000013000
60	0.000606000
1111	0.000121000
60	0.000491000
1514	0.400992000
165	0.000160000
60	0.000161000
1514	0.001534000
165	0.000096000
60	0.000715000
1474	0.307420000
1474	0.000043000
54	0.000017000
841	0.000078000
597	0.015217000
60	0.000282000
597	0.124483000
54	0.038989000
1514	0.032466000
165	0.000154000
1514	0.000621000
60	0.000238000
708	0.000012000
60	0.000154000
1514	0.033297000
1193	0.000415000
60	0.000221000
597	0.000108000
60	0.000164000
1140	0.082891000
54	0.000041000
597	0.007475000
60	0.000296000
1514	0.258136000
165	0.000249000
1514	0.000346000
60	0.000122000
165	0.000046000
60	0.000866000
60	0.000010000
1514	0.005311000
1514	0.000111000
247	0.000089000
60	0.000498000
60	0.000010000
1111	0.203853000
597	0.004368000
60	0.000232000
1514	0.099395000
165	0.000248000
60	0.000620000
1111	0.000013000
60	0.000340000
597	0.000010000
60	0.000165000
1140	0.039443000
54	0.039749000
597	0.164496000
54	0.000047000
597	0.003371000
60	0.000248000
597	0.142737000
1474	0.027795000
54	0.000044000
1334	0.000040000
1404	0.000011000
54	0.000007000
597	0.003566000
60	0.000807000
1404	0.003548000
597	0.000681000
60	0.000162000
597	0.002620000
60	0.000173000
1514	0.012745000
1514	0.000290000
761	0.000097000
60	0.000199000
60	0.000011000
1514	0.039447000
1193	0.000270000
60	0.000334000
597	0.000125000
60	0.000377000
597	0.034752000
54	0.000045000
938	0.039032000
1404	0.029185000
54	0.000028000
597	0.051571000
60	0.000288000
818	0.058603000
597	0.014624000
60	0.000243000
597	0.269076000
597	0.004774000
60	0.001715000
1474	0.197233000
1474	0.000044000
54	0.000018000
841	0.000043000
597	0.012703000
60	0.000240000
1514	0.083230000
165	0.000122000
1514	0.000716000
60	0.000368000
194	0.000014000
60	0.000174000
1111	0.603680000
597	0.008425000
60	0.000204000
1111	1.585621000
54	0.040317000
1514	1.261934000
165	0.000172000
60	0.000199000
1111	0.001236000
60	0.000243000
597	0.000511000
60	0.000770000
597	0.525018000
54	0.000046000
597	0.003635000
60	0.001265000
1111	0.210391000
597	0.007696000
60	0.000987000
1514	0.061418000
165	0.000155000
60	0.001612000
597	0.000018000
60	0.000940000
1111	0.580264000
54	0.039389000
1404	0.816118000
54	0.000047000
1474	0.000081000
54	0.000019000
397	0.000038000
54	0.000012000
1514	0.188753000
1193	0.000243000
60	0.000124000
597	0.355796000
54	0.000049000
597	0.006174000
60	0.000212000
597	0.212244000
54	0.040384000
1111	0.389676000
54	0.000044000
1474	0.689189000
54	0.000049000
205	0.000046000
54	0.000014000
1404	0.013180000
54	0.000041000
275	0.126038000
54	0.000039000
1514	0.055771000
1193	0.000013000
60	0.000416000
1111	0.399922000
54	0.000048000
1140	0.190090000
54	0.000043000
597	0.006563000
60	0.000204000
1514	0.168253000
165	0.000319000
60	0.000446000
1514	0.000449000
165	0.000256000
60	0.000912000
60	0.000016000
1514	0.052047000
1514	0.000241000
247	0.000133000
60	0.002090000
60	0.000011000
597	0.000006000
60	0.000090000
1514	0.195969000
165	0.000117000
60	0.000355000
1111	0.000013000
60	0.000169000
597	0.001212000
60	0.000156000
597	0.134314000
54	0.038845000
597	0.152025000
54	0.000045000
1404	0.083216000
54	0.000044000
597	0.005826000
60	0.000216000
818	0.105023000
597	0.010021000
60	0.000374000
1140	0.166094000
597	0.013356000
60	0.001057000
1474	0.101128000
1334	0.000040000
54	0.000018000
1010	0.039195000
54	0.040083000
1514	0.037967000
165	0.000402000
60	0.000264000
1111	0.000013000
60	0.000731000
597	0.000012000
60	0.000198000
1514	0.000767000
165	0.000113000
60	0.000155000
1514	0.000317000
165	0.000103000
60	0.000154000
1514	0.001743000
165	0.000125000
60	0.000144000
1111	0.007115000
60	0.000216000
1514	0.021279000
1193	0.000124000
60	0.000697000
597	0.000014000
60	0.000371000
597	0.076093000
54	0.000148000
1140	0.189415000
54	0.000194000
597	0.191666000
54	0.000137000
1140	0.188910000
54	0.000328000
1111	0.010810000
60	0.001009000
597	0.224979000
54	0.038160000
1111	0.153631000
54	0.000043000
1404	0.134584000
54	0.000044000
597	0.002003000
60	0.000193000
333	0.051724000
54	0.038702000
1474	1.061158000
54	0.000049000
1474	0.000045000
54	0.000015000
327	0.000033000
54	0.000011000
597	0.000638000
60	0.000211000
1514	0.141821000
165	0.000125000
60	0.000164000
1111	0.006677000
60	0.000188000
597	0.002562000
60	0.000194000
597	0.229924000
54	0.038746000
597	0.222092000
54	0.000055000
597	0.007654000
60	0.001099000
597	0.166279000
597	0.009023000
60	0.000826000
1111	0.139027000
54	0.038302000
1404	0.458896000
54	0.000042000
1474	0.000319000
54	0.000011000
397	0.000023000
54	0.000008000
597	0.000391000
60	0.000319000
1514	0.074326000
165	0.000477000
60	0.000798000
1111	0.000014000
60	0.002994000
1514	0.113269000
165	0.000134000
60	0.000529000
1111	0.000011000
60	0.000286000
597	0.000010000
60	0.000809000
597	0.393671000
54	0.039868000
1404	0.029652000
54	0.000047000
275	0.118747000
54	0.000042000
597	0.005418000
60	0.000224000
597	0.000814000
60	0.000154000
597	0.378359000
1404	0.012532000
54	0.000040000
1404	0.026461000
54	0.040151000
496	0.074710000
54	0.000042000
1514	0.113423000
165	0.000120000
60	0.000675000
1111	0.000015000
60	0.000081000
597	0.000567000
60	0.000232000
597	0.676998000
54	0.000046000
597	0.009112000
60	0.000207000
597	0.139223000
54	0.039512000
1404	0.910186000
54	0.000056000
1474	0.000383000
54	0.000016000
397	0.000036000
54	0.000012000
1514	0.079043000
165	0.000124000
1514	0.000516000
60	0.000223000
194	0.000013000
60	0.000152000
597	0.501986000
54	0.000048000
597	0.006556000
60	0.000207000
597	0.153252000
54	0.038180000
1514	0.395778000
1193	0.000452000
60	0.000149000
1514	0.000248000
1514	0.000092000
247	0.000098000
1514	0.000321000
60	0.000323000
60	0.000006000
165	0.000102000
60	0.000225000
1514	0.000322000
1514	0.000431000
60	0.001235000
1235	0.000165000
60	0.000238000
637	0.000062000
60	0.000582000
1514	0.000527000
1514	0.000515000
60	0.000152000
1235	0.000106000
60	0.000220000
1514	0.000104000
1514	0.000184000
60	0.000182000
1235	0.000066000
1514	0.000223000
1514	0.000164000
1514	0.000269000
60	0.001170000
1466	0.000011000
60	0.000036000
1514	0.000392000
1514	0.000120000
60	0.000064000
1235	0.000043000
1514	0.000155000
1514	0.000103000
60	0.000067000
60	0.000005000
1235	0.000041000
1514	0.000146000
1514	0.000096000
1514	0.000144000
1514	0.000095000
1514	0.000088000
1514	0.000238000
60	0.000075000
60	0.000006000
1514	0.000061000
60	0.000120000
60	0.000007000
60	0.000003000
1514	0.000046000
706	0.000142000
1514	0.000187000
1514	0.000126000
60	0.000206000
60	0.000005000
60	0.000003000
1235	0.000051000
60	0.000222000
1351	0.000082000
60	0.000698000
1514	0.000115000
1514	0.000147000
60	0.000114000
1235	0.000044000
60	0.000111000
1514	0.000078000
719	0.000134000
60	0.000198000
1514	0.000695000
1514	0.000293000
1235	0.000178000
1514	0.000230000
1514	0.000164000
1514	0.000228000
60	0.000289000
60	0.000005000
60	0.000002000
1514	0.000122000
1514	0.000194000
956	0.000110000
60	0.000469000
60	0.000008000
203	0.000006000
60	0.000106000
1514	0.001566000
1514	0.000162000
1235	0.000091000
1514	0.000145000
1514	0.000095000
1514	0.000156000
1514	0.000033000
1514	0.000097000
1514	0.000146000
1514	0.000291000
1514	0.000133000
1514	0.000230000
1514	0.000131000
60	0.000348000
1514	0.000013000
1514	0.000026000
1514	0.000024000
60	0.000021000
1514	0.000008000
1514	0.000033000
60	0.000028000
1514	0.000008000
1514	0.000024000
1514	0.000038000
60	0.000022000
260	0.000007000
60	0.000024000
60	0.000008000
60	0.000003000
60	0.000004000
60	0.000003000
60	0.000003000
60	0.000003000
60	0.000512000
597	0.280223000
54	0.000146000
1404	0.151234000
54	0.000045000
876	0.039371000
54	0.000040000
1474	0.022153000
54	0.000032000
1334	0.000039000
54	0.000015000
1404	0.069151000
54	0.000049000
174	0.046846000
54	0.000043000
1514	0.045097000
1193	0.000282000
60	0.000238000
597	0.000012000
60	0.000275000
597	0.152442000
54	0.000043000
597	0.003513000
60	0.000967000
597	0.378084000
597	0.007091000
60	0.000227000
597	0.139009000
54	0.038049000
597	0.431797000
54	0.000047000
1404	0.105118000
54	0.000046000
1404	0.000045000
54	0.000011000
467	0.084699000
54	0.000046000
1514	0.078309000
165	0.000249000
60	0.000114000
1111	0.001587000
60	0.001701000
597	0.471691000
54	0.000063000
597	0.007430000
60	0.000217000
597	0.139645000
54	0.039541000
1474	0.703524000
54	0.000000000
1474	0.000000000
54	0.000311000
327	0.000035000
54	0.000012000
1514	0.105144000
165	0.000129000
60	0.000166000
1111	0.001697000
60	0.000164000
597	0.628137000
54	0.000066000
597	0.017561000
60	0.001621000
1514	0.452649000
1514	0.000243000
60	0.000125000
247	0.000090000
60	0.000162000
1111	0.023395000
54	0.038936000
1514	0.052635000
165	0.000265000
60	0.000121000
1514	0.000523000
165	0.000135000
60	0.000112000
1514	0.005589000
165	0.000114000
60	0.000164000
1111	0.000562000
60	0.000128000
597	0.000906000
60	0.000892000
597	0.241878000
54	0.000047000
1404	0.185878000
54	0.000048000
597	0.000646000
60	0.000611000
597	0.002851000
60	0.001056000
333	0.000704000
597	0.002050000
60	0.000793000
597	0.136061000
54	0.038643000
597	0.166087000
54	0.000049000
597	0.009660000
60	0.000222000
597	0.140332000
54	0.038639000
1514	0.224054000
165	0.000358000
60	0.000257000
1514	0.000307000
679	0.000125000
60	0.000747000
60	0.000010000
597	0.334678000
60	0.000600000
1474	0.126911000
54	0.000085000
1474	0.000067000
54	0.000016000
327	0.000053000
54	0.000012000
597	0.139046000
54	0.000018000
1514	0.003150000
679	0.000116000
1514	0.000131000
60	0.000438000
165	0.000015000
60	0.000179000
1514	0.052028000
1193	0.000531000
60	0.001026000
60	0.000013000
597	0.000007000
60	0.000163000
1140	0.086220000
597	0.000285000
60	0.000259000
597	0.002467000
60	0.000150000
1474	0.009948000
1334	0.000037000
54	0.000011000
1404	0.126341000
597	0.003196000
60	0.000216000
1514	0.005536000
165	0.000205000
1514	0.000364000
60	0.000200000
708	0.000046000
60	0.000374000
1514	0.307172000
165	0.000125000
60	0.000440000
1111	0.000125000
60	0.000250000
597	0.001132000
60	0.000140000
1474	0.195950000
1474	0.000043000
54	0.000017000
78	0.000041000
1111	0.013454000
60	0.001135000
1514	0.015270000
1193	0.000398000
60	0.000293000
597	0.000094000
60	0.000644000
597	0.107856000
54	0.037995000
1404	0.025179000
54	0.000039000
1404	0.000206000
54	0.000013000
597	0.007985000
60	0.000329000
1514	0.033964000
165	0.000121000
60	0.000163000
1514	0.001568000
679	0.000097000
60	0.000696000
1010	0.030441000
54	0.038880000
1140	0.100312000
54	0.000053000
597	0.005642000
60	0.000827000
1514	0.015007000
1514	0.000360000
60	0.000170000
247	0.000140000
60	0.000895000
597	0.126434000
597	0.012974000
60	0.000422000
1514	0.009976000
165	0.000373000
60	0.000222000
1111	0.000181000
60	0.000846000
597	0.246518000
597	0.003588000
60	0.000165000
1404	0.041439000
1404	0.000826000
54	0.000014000
1514	0.000571000
165	0.000249000
60	0.000345000
1111	0.000011000
60	0.003066000
1111	0.000012000
60	0.000715000
1404	0.021857000
597	0.000445000
60	0.000236000
203	0.070145000
54	0.039139000
1514	0.047191000
1193	0.000255000
60	0.000120000
597	0.000094000
60	0.000440000
597	0.051058000
54	0.000044000
597	0.007821000
60	0.001892000
1514	0.003246000
1193	0.000183000
60	0.000772000
597	0.404894000
1404	0.016486000
54	0.000043000
597	0.024367000
60	0.000205000
1404	0.044925000
597	0.001512000
60	0.000168000
1474	0.004765000
1334	0.000021000
54	0.000010000
597	0.002934000
60	0.000194000
1514	0.036805000
1193	0.000238000
60	0.000263000
1111	0.000012000
60	0.000299000
482	0.025349000
597	0.004083000
60	0.000170000
1514	0.029315000
165	0.000226000
1514	0.000346000
60	0.000193000
194	0.000013000
60	0.000963000
60	0.000080000
1514	0.056030000
1193	0.000288000
60	0.000260000
597	0.000014000
60	0.000096000
597	0.209384000
54	0.037195000
597	0.151939000
54	0.000056000
1404	0.103783000
54	0.000045000
597	0.005801000
60	0.000782000
1404	0.000983000
1404	0.022517000
54	0.000044000
597	0.016350000
60	0.000214000
1474	0.006122000
1334	0.000032000
54	0.000013000
597	0.001971000
60	0.000875000
1514	0.016778000
1193	0.000221000
60	0.000219000
597	0.000013000
60	0.000160000
761	0.014153000
597	0.000384000
60	0.000316000
1514	0.022802000
165	0.000124000
1514	0.000512000
60	0.000076000
708	0.000047000
60	0.000187000
1514	0.025023000
165	0.000236000
60	0.000122000
1111	0.000311000
60	0.000922000
1514	0.058389000
165	0.000811000
60	0.000323000
1111	0.000013000
60	0.000163000
597	0.002937000
60	0.000170000
1474	0.124931000
205	0.000034000
54	0.000013000
1404	0.010164000
54	0.039095000
818	0.092875000
54	0.000047000
1404	0.174664000
54	0.000044000
1514	0.003395000
165	0.000228000
60	0.000576000
1111	0.000014000
60	0.001095000
1140	0.000011000
60	0.003956000
333	0.004552000
597	0.005416000
60	0.000791000
1514	0.016020000
165	0.000222000
60	0.000248000
1111	0.000185000
60	0.000206000
1474	0.060458000
1334	0.000041000
54	0.000013000
1404	0.000045000
597	0.002435000
60	0.000498000
597	0.000012000
60	0.000435000
1514	0.015937000
1193	0.000393000
60	0.000942000
1111	0.000019000
60	0.000921000
203	0.058603000
54	0.038867000
597	0.202946000
54	0.000048000
1404	0.114815000
54	0.000047000
597	0.016452000
60	0.000640000
876	0.066646000
597	0.003783000
60	0.000267000
1514	0.029860000
1193	0.000158000
60	0.000872000
597	0.178447000
1404	0.016546000
54	0.000037000
1404	0.000057000
597	0.025099000
60	0.000763000
1404	0.113211000
1474	0.002568000
54	0.000021000
1353	0.000032000
54	0.037237000
597	0.104330000
54	0.000049000
597	0.006141000
60	0.000194000
1514	0.007152000
165	0.000157000
60	0.000393000
1111	0.000013000
60	0.000139000
1111	0.002639000
60	0.000194000
597	0.205878000
54	0.038136000
597	0.185201000
54	0.000047000
597	0.192759000
54	0.000049000
597	0.009952000
60	0.001849000
1514	0.056405000
1193	0.000814000
60	0.000290000
1111	0.000011000
60	0.000084000
1111	0.139890000
54	0.040827000
597	0.378480000
54	0.000054000
597	0.006886000
60	0.000890000
1474	0.027838000
1334	0.000047000
54	0.000018000
467	0.114247000
54	0.038935000
1514	0.007528000
165	0.000434000
60	0.000131000
1111	0.000136000
60	0.000540000
1474	0.113642000
54	0.000045000
1334	0.000044000
54	0.000013000
467	0.025600000
54	0.000020000
1111	0.239811000
54	0.000048000
597	0.190007000
54	0.000039000
597	0.004614000
60	0.000311000
1514	0.011391000
1193	0.000399000
60	0.000108000
597	0.000153000
60	0.000418000
597	0.384362000
54	0.038366000
1140	0.154834000
54	0.000039000
597	0.000361000
60	0.000539000
597	0.004118000
60	0.000806000
597	0.758799000
54	0.040227000
1514	0.049042000
1193	0.000258000
60	0.000222000
597	0.000153000
60	0.000139000
1474	0.002191000
54	0.000017000
1334	0.000026000
54	0.000009000
467	0.098318000
54	0.000040000
1514	0.105451000
165	0.000155000
60	0.000378000
1111	0.000013000
60	0.000517000
597	0.000012000
60	0.000214000
597	0.085087000
54	0.000048000
597	0.241058000
54	0.000046000
1140	0.192379000
54	0.000072000
597	0.003428000
60	0.000206000
597	0.000451000
60	0.000126000
597	0.486224000
54	0.037896000
1474	0.871279000
54	0.000043000
1334	0.000042000
54	0.000011000
467	0.000022000
54	0.000008000
597	0.000445000
60	0.000331000
1514	0.066127000
165	0.000176000
60	0.000562000
1111	0.000026000
60	0.000137000
597	0.000471000
60	0.000137000
597	0.371084000
54	0.039035000
1404	0.054044000
54	0.000044000
304	0.096013000
54	0.000044000
597	0.004502000
60	0.000902000
1514	0.291941000
165	0.000082000
60	0.000319000
1514	0.001234000
165	0.000148000
60	0.000592000
1514	0.118205000
165	0.000375000
60	0.001364000
1111	0.000020000
60	0.000577000
597	0.009126000
60	0.000072000
597	0.012037000
54	0.040359000
1404	0.053577000
54	0.000043000
304	0.099638000
54	0.000043000
1514	0.113057000
1193	0.000252000
60	0.000249000
1111	0.000165000
60	0.000865000
1140	0.074061000
54	0.000044000
597	0.005937000
60	0.000195000
1140	0.183031000
54	0.036226000
1140	0.156087000
54	0.000053000
597	0.004949000
60	0.000296000
1474	0.026781000
1334	0.000039000
54	0.000014000
1514	0.109819000
165	0.000290000
60	0.000371000
1111	0.000297000
60	0.000145000
597	0.001639000
60	0.000836000
467	0.000011000
54	0.038990000
1514	0.040717000
1193	0.000163000
60	0.000425000
1404	0.096877000
54	0.000221000
1404	0.000064000
597	0.006113000
60	0.001823000
1010	0.005855000
597	0.005036000
60	0.000627000
597	0.306074000
597	0.007214000
60	0.000755000
1514	0.012899000
1193	0.000122000
60	0.000174000
1140	0.127038000
597	0.003812000
60	0.000647000
1514	0.133590000
165	0.000165000
60	0.000237000
1111	0.001212000
60	0.000167000
1111	0.003310000
60	0.000222000
597	0.029446000
54	0.038014000
1404	0.097196000
54	0.000043000
333	0.053469000
54	0.000041000
597	0.002640000
60	0.000221000
1111	0.140594000
54	0.039013000
1474	0.176892000
54	0.000050000
1474	0.000040000
54	0.000010000
327	0.000021000
54	0.000008000
1514	0.052716000
1514	0.000121000
247	0.000090000
60	0.000520000
60	0.000011000
1404	0.032142000
1404	0.000039000
54	0.000013000
597	0.005876000
60	0.000185000
1010	0.047532000
597	0.000424000
60	0.000415000
1514	0.010180000
165	0.000124000
60	0.000173000
1111	0.001075000
60	0.000138000
1514	0.068664000
165	0.000124000
60	0.000839000
1111	0.000014000
60	0.000366000
597	0.000011000
60	0.000088000
597	0.182562000
54	0.037766000
1404	0.010451000
54	0.000044000
597	0.002081000
60	0.000186000
1514	0.088141000
1193	0.000156000
60	0.000226000
1111	0.000134000
60	0.000165000
876	0.049854000
54	0.039068000
597	0.099641000
54	0.000050000
597	0.004864000
60	0.000786000
1514	0.015102000
1193	0.000121000
60	0.000167000
597	0.123627000
597	0.004476000
60	0.000274000
597	0.248326000
597	0.008524000
60	0.000197000
597	0.139999000
54	0.038305000
1474	1.097215000
54	0.000047000
205	0.000040000
54	0.000013000
1404	0.014738000
54	0.000032000
275	0.137646000
54	0.000041000
1474	0.063562000
54	0.000044000
1334	0.000048000
54	0.000009000
1514	0.062815000
165	0.000221000
60	0.000160000
1111	0.000864000
60	0.001872000
597	0.000021000
60	0.000888000
467	0.066001000
54	0.000042000
597	0.251747000
54	0.000044000
597	0.006279000
60	0.000795000
597	0.154164000
597	0.007513000
60	0.000246000
1514	0.009927000
165	0.000404000
60	0.000442000
1111	0.000012000
60	0.000155000
1514	0.382781000
165	0.000273000
60	0.000453000
1111	0.000012000
60	0.000159000
597	0.001571000
60	0.000159000
597	0.234702000
597	0.005727000
60	0.001876000
597	0.246772000
597	0.005048000
60	0.001659000
597	0.139931000
54	0.039519000
597	0.958698000
54	0.000047000
1514	0.260805000
1193	0.000158000
60	0.000291000
1111	0.000146000
60	0.000127000
597	0.013471000
54	0.000042000
1514	0.035859000
165	0.000278000
60	0.000119000
1514	0.000164000
165	0.000149000
60	0.000160000
597	0.182853000
54	0.038344000
1514	0.177330000
165	0.000280000
60	0.000120000
1111	0.000526000
60	0.000128000
597	0.001816000
60	0.000789000
597	0.102548000
54	0.000046000
597	0.006765000
60	0.000735000
1404	0.090966000
1474	0.000037000
54	0.000014000
1334	0.000029000
597	0.003872000
60	0.000654000
203	0.071825000
54	0.036844000
1474	0.055004000
54	0.000043000
1334	0.000034000
54	0.000010000
1514	0.013012000
165	0.000206000
60	0.000165000
1111	0.002374000
60	0.000117000
1111	0.000867000
60	0.000203000
1514	0.020524000
165	0.000127000
60	0.000181000
1111	0.001027000
60	0.000164000
597	0.000750000
60	0.000180000
467	0.007751000
54	0.037450000
1140	0.150014000
54	0.000241000
597	0.004710000
60	0.000991000
1514	0.023413000
165	0.000263000
60	0.000247000
1514	0.000178000
165	0.000111000
60	0.000159000
597	0.243984000
54	0.039788000
1404	0.045891000
54	0.000041000
597	0.008474000
60	0.000825000
1404	0.006201000
1404	0.015060000
54	0.000041000
597	0.012327000
60	0.000210000
775	0.059069000
597	0.000327000
60	0.000502000
1514	0.001181000
165	0.000097000
60	0.000151000
1111	0.000787000
60	0.000125000
1514	0.026241000
1193	0.000523000
60	0.000155000
1111	0.000142000
60	0.000633000
1140	0.109022000
597	0.016638000
60	0.000206000
1514	0.142406000
165	0.000124000
60	0.000198000
1111	0.000686000
60	0.000229000
597	0.000149000
60	0.000972000
597	0.036264000
54	0.036968000
597	0.153578000
597	0.005414000
60	0.000733000
1514	0.020065000
1193	0.000159000
60	0.000185000
1474	0.031936000
1334	0.000038000
54	0.000013000
467	0.093390000
597	0.000392000
60	0.000417000
597	0.005138000
60	0.000204000
1514	0.012476000
679	0.000375000
60	0.000197000
1140	0.140709000
597	0.004553000
60	0.000794000
1514	0.055968000
165	0.000160000
60	0.000169000
1111	0.000514000
60	0.000376000
1111	0.000010000
60	0.000449000
1404	0.080837000
333	0.000679000
54	0.000011000
597	0.005541000
60	0.000179000
1514	0.008264000
1514	0.000208000
60	0.000172000
247	0.000076000
60	0.000701000
597	0.028982000
60	0.000975000
1514	0.007190000
1193	0.000237000
60	0.000129000
1404	0.052117000
1404	0.009920000
54	0.000024000
1010	0.026291000
54	0.037095000
597	0.155853000
54	0.000147000
1404	0.136010000
54	0.039291000
876	0.016318000
54	0.000201000
1111	0.004619000
60	0.000188000
1514	0.023789000
1193	0.000254000
60	0.000860000
597	0.000013000
60	0.000967000
1140	0.114820000
597	0.015048000
60	0.000264000
1514	0.075010000
165	0.000125000
60	0.000590000
1111	0.000014000
60	0.000194000
1111	0.001199000
60	0.001753000
1514	0.026805000
1193	0.000370000
60	0.000150000
597	0.000146000
60	0.000168000
1404	0.011432000
1404	0.005955000
54	0.000049000
1039	0.025093000
54	0.037592000
1404	0.094544000
1404	0.000858000
54	0.000014000
1010	0.006809000
54	0.000227000
597	0.000385000
60	0.001422000
597	0.004551000
60	0.000911000
1514	0.000729000
165	0.000187000
60	0.000187000
1111	0.000194000
60	0.000166000
1140	0.132799000
54	0.039337000
597	0.144619000
54	0.000175000
1404	0.035443000
597	0.009921000
60	0.001034000
1474	0.021090000
1334	0.000041000
54	0.000014000
597	0.003199000
60	0.001937000
1514	0.020060000
1514	0.000242000
60	0.000142000
761	0.000081000
60	0.000080000
1514	0.066461000
165	0.000124000
60	0.000167000
1514	0.001212000
165	0.000130000
60	0.000671000
1289	0.014637000
54	0.038027000
597	0.150256000
54	0.000154000
597	0.005903000
60	0.000217000
1514	0.011214000
1514	0.000156000
60	0.000124000
247	0.000564000
60	0.000137000
1474	0.268098000
1474	0.000041000
54	0.000013000
327	0.000032000
54	0.040511000
1404	0.027335000
54	0.000047000
597	0.000425000
60	0.000137000
597	0.020065000
60	0.000826000
1404	0.006815000
1474	0.001899000
54	0.000016000
1334	0.000031000
54	0.038122000
597	0.001220000
60	0.000189000
1404	0.001120000
54	0.000017000
218	0.000718000
54	0.000011000
597	0.004166000
60	0.000218000
1514	0.075005000
165	0.000275000
60	0.000364000
1111	0.000011000
60	0.000098000
1111	0.000194000
60	0.000695000
1514	0.015049000
1193	0.000359000
60	0.000132000
597	0.000119000
60	0.000162000
1514	0.028865000
165	0.000251000
60	0.000124000
1111	0.000839000
60	0.000512000
597	0.332850000
597	0.000325000
60	0.000312000
1514	0.046642000
165	0.000269000
60	0.000218000
1514	0.000468000
165	0.000133000
60	0.000099000
597	0.114556000
597	0.004071000
60	0.000295000
1514	0.015193000
165	0.000246000
60	0.000223000
1111	0.000156000
60	0.000218000
597	0.000162000
60	0.000351000
1404	0.036507000
597	0.006838000
60	0.000725000
1404	0.000979000
1404	0.000012000
54	0.000011000
1404	0.001912000
597	0.000735000
60	0.000230000
1404	0.003013000
1514	0.038045000
165	0.000238000
60	0.000238000
1514	0.000204000
679	0.000140000
60	0.000209000
189	0.051103000
1514	0.021721000
1514	0.000074000
247	0.000091000
60	0.000384000
60	0.000013000
597	0.228021000
54	0.039404000
1474	0.027453000
54	0.000044000
1334	0.000049000
54	0.000011000
1404	0.000791000
54	0.000010000
597	0.005930000
60	0.000190000
746	0.115906000
597	0.007528000
60	0.000448000
1514	0.004559000
165	0.000240000
60	0.000181000
1111	0.000232000
60	0.000348000
1404	0.123038000
1404	0.001525000
54	0.000022000
1404	0.004035000
597	0.000323000
60	0.000182000
597	0.010748000
60	0.000262000
775	0.002634000
597	0.003326000
60	0.000403000
1514	0.057912000
1193	0.000124000
60	0.000204000
1111	0.001406000
60	0.000173000
1514	0.024563000
1514	0.000145000
247	0.000124000
60	0.000066000
60	0.000151000
1111	0.052803000
54	0.040173000
597	0.159275000
54	0.000153000
597	0.193158000
597	0.004051000
60	0.000856000
1514	0.007932000
1193	0.000234000
60	0.000158000
1111	0.000399000
60	0.000155000
1404	0.120323000
1514	0.000746000
165	0.000159000
60	0.000114000
1111	0.000505000
60	0.001030000
597	0.001266000
60	0.000253000
597	0.000148000
60	0.000174000
333	0.008172000
1404	0.003262000
54	0.000058000
1404	0.005385000
597	0.004770000
60	0.000461000
1514	0.057899000
165	0.000122000
60	0.000345000
1111	0.000120000
60	0.001027000
1111	0.001096000
60	0.000156000
496	0.067126000
54	0.039320000
597	0.232361000
54	0.000052000
597	0.015664000
60	0.000708000
1514	0.004297000
165	0.000223000
60	0.000336000
1111	0.000119000
60	0.000178000
1140	0.134584000
597	0.002687000
60	0.000202000
1514	0.069836000
1514	0.000278000
60	0.000137000
247	0.000045000
60	0.000161000
1474	0.025301000
1334	0.000040000
54	0.000011000
597	0.002973000
60	0.000931000
1514	0.017184000
165	0.000221000
60	0.000252000
1111	0.000013000
60	0.000163000
1111	0.000803000
60	0.000129000
1010	0.025181000
54	0.039855000
597	0.144591000
54	0.000466000
1404	0.169590000
54	0.000491000
597	0.010647000
60	0.000726000
1514	0.006592000
1193	0.000322000
60	0.000169000
597	0.000157000
60	0.000255000
333	0.020242000
597	0.001982000
60	0.000871000
597	0.122774000
1514	0.010881000
165	0.000379000
1514	0.000204000
60	0.000068000
165	0.000047000
60	0.000625000
1404	0.101002000
1474	0.000166000
54	0.000021000
1334	0.000041000
597	0.011779000
60	0.000217000
1514	0.009707000
1514	0.000011000
60	0.000143000
761	0.000047000
60	0.000077000
203	0.024430000
54	0.040381000
597	0.100570000
54	0.000150000
597	0.200422000
597	0.011090000
60	0.000615000
1514	0.008939000
165	0.000306000
60	0.000444000
1111	0.000018000
60	0.000270000
1514	0.054060000
1193	0.000225000
60	0.000122000
597	0.001087000
60	0.000132000
1404	0.044069000
597	0.000310000
60	0.000274000
333	0.028983000
597	0.012802000
60	0.000246000
1404	0.072747000
1404	0.000526000
54	0.000018000
597	0.004396000
60	0.000878000
1514	0.018498000
165	0.000151000
60	0.000318000
1111	0.000198000
60	0.000076000
1111	0.000658000
60	0.000171000
1010	0.029493000
54	0.038413000
597	0.185715000
54	0.000045000
597	0.010005000
60	0.000732000
1514	0.013566000
165	0.000395000
60	0.000204000
1111	0.000013000
60	0.000244000
1404	0.067500000
597	0.005364000
60	0.000267000
1514	0.012543000
165	0.000326000
60	0.000407000
1514	0.000273000
165	0.000145000
60	0.000486000
333	0.047582000
54	0.037946000
597	0.222210000
54	0.000044000
1474	0.049756000
54	0.000045000
1334	0.000034000
54	0.000011000
597	0.004254000
60	0.000208000
1514	0.020944000
1193	0.000272000
60	0.000525000
1111	0.000091000
60	0.000876000
1010	0.111965000
54	0.040748000
597	0.242596000
54	0.000054000
597	0.006941000
60	0.000250000
1514	0.007256000
165	0.000259000
60	0.000401000
1111	0.000228000
60	0.000515000
1140	0.132563000
597	0.005913000
60	0.000199000
597	0.001251000
60	0.000124000
597	0.272465000
54	0.040301000
1514	0.005271000
1514	0.000246000
60	0.000136000
247	0.000045000
60	0.000111000
1404	0.052688000
54	0.000056000
1404	0.000746000
54	0.000011000
597	0.004147000
60	0.000762000
1514	0.015724000
165	0.000268000
60	0.000264000
1111	0.000184000
60	0.000188000
1111	0.000183000
60	0.000134000
1404	0.000401000
54	0.038292000
203	0.026217000
54	0.000045000
597	0.004724000
60	0.000770000
1514	0.024495000
165	0.000394000
60	0.000454000
1111	0.000013000
60	0.000481000
1514	0.011028000
165	0.000371000
60	0.000139000
1111	0.000287000
60	0.001852000
597	0.000030000
60	0.000178000
597	0.126852000
54	0.037466000
597	0.154071000
54	0.037939000
1404	0.039783000
597	0.009231000
60	0.000268000
876	0.103289000
597	0.004662000
60	0.000476000
597	0.000227000
60	0.000675000
1404	0.016694000
1404	0.000042000
54	0.000015000
597	0.003521000
60	0.000044000
1010	0.134406000
1514	0.024188000
1193	0.000372000
60	0.000224000
597	0.000149000
60	0.000124000
597	0.354949000
597	0.007061000
60	0.000281000
1514	0.019301000
1514	0.000231000
60	0.000125000
761	0.000089000
60	0.000167000
1514	0.003167000
1514	0.000177000
60	0.000142000
247	0.000071000
60	0.000171000
597	0.590818000
597	0.006589000
60	0.000874000
1474	0.026385000
1334	0.000044000
54	0.000018000
597	0.012661000
60	0.001165000
1010	0.099168000
1514	0.025665000
1193	0.000302000
60	0.000829000
597	0.352977000
597	0.005491000
60	0.000749000
619	0.275431000
54	0.000111000
619	0.462530000
60	0.000339000
597	1.924003000
54	0.039786000
1514	1.537663000
165	0.000018000
60	0.000110000
1514	0.001858000
165	0.000198000
60	0.000115000
597	0.492825000
54	0.000067000
597	0.008430000
60	0.000222000
597	2.950620000
54	0.041492000
597	1.185052000
54	0.000044000
1514	6.667651000
165	0.000703000
60	0.000390000
1111	0.000012000
60	0.000161000
1514	0.000312000
1514	0.000229000
60	0.000174000
247	0.000115000
60	0.000263000
1514	0.000379000
1514	0.000141000
60	0.000261000
1235	0.000067000
1514	0.000313000
60	0.000161000
719	0.000044000
60	0.000626000
1514	0.000508000
1514	0.000172000
1235	0.000090000
60	0.000078000
60	0.000005000
1514	0.000155000
1514	0.000090000
1235	0.000088000
60	0.000062000
60	0.000081000
1514	0.000111000
1514	0.000090000
1235	0.000096000
60	0.000056000
1514	0.000093000
1514	0.000106000
60	0.000066000
60	0.000006000
367	0.000048000
1514	0.000405000
60	0.000062000
1514	0.000042000
1235	0.000087000
60	0.000062000
60	0.000135000
123	0.000010000
60	0.000159000
597	0.240606000
54	0.000048000
1140	0.190483000
54	0.000044000
597	0.191250000
54	0.000045000
597	0.000434000
60	0.000746000
597	0.140178000
597	0.004076000
60	0.000363000
1514	5.110739000
165	0.000125000
60	0.000165000
1111	0.001742000
1514	0.000404000
60	0.000190000
165	0.000061000
1514	0.000205000
60	0.000167000
165	0.000010000
60	0.000845000
60	0.000098000
1514	0.001294000
1514	0.000306000
60	0.000279000
1235	0.000138000
1514	0.000555000
60	0.000278000
1514	0.000060000
1514	0.000090000
358	0.000099000
1514	0.000300000
1514	0.000227000
60	0.000212000
60	0.000006000
60	0.000003000
60	0.000003000
1235	0.000123000
60	0.000241000
1191	0.000227000
60	0.000228000
1514	0.001003000
1514	0.000329000
60	0.000209000
1235	0.000042000
1514	0.000214000
60	0.000125000
1514	0.000050000
60	0.000196000
1235	0.000042000
1514	0.000156000
1514	0.000153000
1514	0.000196000
1514	0.000145000
1514	0.000071000
1514	0.000885000
60	0.000007000
60	0.000000000
60	0.000000000
60	0.000000000
1514	0.000000000
310	0.000210000
60	0.000159000
1514	0.000958000
1514	0.000175000
60	0.000188000
1235	0.000025000
1514	0.000147000
60	0.000114000
1514	0.000023000
1235	0.000135000
60	0.000060000
1514	0.000085000
1514	0.000134000
1514	0.000192000
1514	0.000235000
60	0.000067000
1514	0.000024000
60	0.000063000
60	0.000005000
956	0.000023000
1514	0.000876000
60	0.000199000
1514	0.000041000
1264	0.000091000
1514	0.000228000
1514	0.000156000
60	0.000065000
60	0.000005000
1235	0.000049000
1514	0.000146000
1514	0.000087000
1514	0.000151000
1514	0.000087000
1514	0.000088000
1514	0.000945000
1514	0.000086000
1514	0.000101000
1514	0.000345000
60	0.000754000
60	0.000069000
60	0.000005000
60	0.000003000
60	0.000002000
1514	0.000022000
1514	0.000065000
60	0.000029000
60	0.000005000
1514	0.000137000
1514	0.000071000
1514	0.000027000
1514	0.000127000
1514	0.000086000
1514	0.000026000
60	0.000097000
60	0.000006000
60	0.000002000
378	0.000137000
60	0.001131000
1514	0.000165000
1514	0.000143000
60	0.000113000
755	0.000044000
60	0.000110000
1514	0.000103000
1514	0.000192000
60	0.000183000
1235	0.000042000
1514	0.000156000
1514	0.000165000
60	0.000063000
1235	0.000042000
60	0.000274000
1514	0.000056000
60	0.000061000
1514	0.000042000
1235	0.000097000
1514	0.000900000
60	0.000066000
60	0.000005000
1514	0.000040000
1264	0.000157000
1514	0.000298000
60	0.000234000
60	0.000004000
1514	0.000039000
1235	0.000099000
1514	0.000154000
1514	0.000152000
1514	0.000217000
1514	0.000208000
60	0.000070000
60	0.000005000
1514	0.000176000
60	0.000078000
60	0.000005000
956	0.000050000
1514	0.000914000
60	0.001367000
1514	0.000069000
60	0.000291000
1264	0.000070000
1514	0.000185000
1514	0.000099000
1514	0.000145000
1514	0.000097000
60	0.000102000
60	0.000006000
60	0.000003000
1514	0.000051000
956	0.000161000
1514	0.000207000
60	0.000118000
1514	0.000052000
1235	0.000137000
60	0.000023000
60	0.000071000
1043	0.000091000
1514	0.000898000
60	0.000200000
1514	0.000147000
275	0.000107000
60	0.000061000
1514	0.000086000
60	0.000060000
1514	0.000024000
1235	0.000072000
60	0.000059000
1514	0.000085000
60	0.000060000
1514	0.000023000
1235	0.000071000
60	0.000059000
1514	0.000085000
60	0.000059000
1514	0.000031000
1235	0.000072000
60	0.000059000
1514	0.000823000
60	0.000275000
1514	0.000110000
1264	0.000074000
60	0.000061000
1514	0.000085000
1514	0.002548000
60	0.000105000
1415	0.000093000
1514	0.000191000
60	0.000078000
1514	0.000062000
1235	0.000127000
60	0.000073000
1514	0.000117000
60	0.000063000
1514	0.000040000
1235	0.000097000
60	0.000062000
1514	0.000099000
60	0.000061000
1514	0.000049000
1235	0.000089000
60	0.000062000
1514	0.000066000
60	0.000061000
63	0.000058000
60	0.000783000
1514	0.000158000
1255	0.000122000
1514	0.000146000
60	0.000063000
1514	0.000050000
1235	0.000097000
60	0.000063000
1514	0.000099000
60	0.000062000
1514	0.000049000
1235	0.000117000
60	0.000064000
1514	0.000108000
60	0.000065000
1514	0.000042000
1235	0.000090000
60	0.000061000
1514	0.000077000
1514	0.000802000
1514	0.000145000
1514	0.000096000
1514	0.000088000
1514	0.000151000
1514	0.000097000
1514	0.000087000
1514	0.000152000
1514	0.000088000
1514	0.000089000
1514	0.000128000
1514	0.000172000
1514	0.000100000
60	0.000246000
177	0.000010000
60	0.000032000
60	0.000006000
60	0.000003000
60	0.000004000
1514	0.000129000
60	0.000095000
60	0.000005000
60	0.000003000
60	0.000002000
1514	0.000078000
1235	0.000101000
60	0.000062000
1514	0.000100000
60	0.000061000
1514	0.000049000
60	0.000122000
1235	0.000035000
1514	0.000147000
60	0.000062000
1514	0.000048000
1235	0.000109000
60	0.000065000
1514	0.000071000
60	0.000061000
543	0.000050000
1514	0.000126000
60	0.000063000
775	0.000042000
1514	0.000152000
60	0.000061000
1514	0.000049000
1179	0.000089000
60	0.000062000
60	0.000136000
597	0.235229000
1514	0.002073000
1514	0.000155000
1235	0.000144000
60	0.000100000
60	0.000311000
1514	0.000180000
1514	0.000144000
1235	0.000153000
60	0.000098000
1514	0.000160000
60	0.000209000
1514	0.000059000
1235	0.000164000
60	0.000101000
1514	0.000161000
60	0.000098000
1514	0.000066000
60	0.000206000
1235	0.000067000
1514	0.000310000
60	0.000101000
1514	0.000067000
1264	0.000157000
60	0.000099000
60	0.000173000
1514	0.000127000
1514	0.000160000
1235	0.000140000
60	0.000097000
60	0.000209000
1351	0.000015000
60	0.000216000
1404	0.082326000
1514	0.000967000
1514	0.000168000
1235	0.000187000
60	0.000105000
60	0.000216000
1514	0.000090000
1514	0.000147000
1235	0.000142000
60	0.000104000
60	0.000475000
163	0.000016000
1514	0.000708000
60	0.000117000
1514	0.000104000
1235	0.000146000
60	0.000103000
1514	0.000157000
60	0.000104000
1514	0.000077000
1235	0.000148000
60	0.000102000
60	0.000222000
1514	0.000085000
1514	0.000157000
841	0.000145000
60	0.000101000
60	0.000181000
876	0.048949000
1404	0.033579000
54	0.000047000
1404	0.076732000
69	0.030905000
54	0.000025000
597	0.143391000
54	0.039182000
1404	0.110974000
1404	0.000245000
54	0.000014000
981	0.037014000
54	0.000131000
597	0.226553000
54	0.000045000
597	0.004600000
60	0.000863000
1111	0.722537000
54	0.040514000
597	10.893251000
54	0.000058000
597	10.381830000
60	0.000235000
1111	0.061577000
54	0.000042000
597	0.190998000
54	0.000044000
597	0.001597000
60	0.000780000
597	0.000013000
60	0.000156000
597	0.374276000
54	0.041540000
597	0.165248000
54	0.000042000
1474	0.104877000
54	0.000042000
1334	0.000047000
54	0.000014000
981	0.085085000
54	0.000042000
597	0.019839000
60	0.000293000
597	0.375636000
597	0.018699000
60	0.000233000
597	0.000442000
60	0.000186000
597	0.000086000
60	0.000333000
1111	0.000242000
60	0.000881000
597	0.186685000
54	0.038409000
597	0.379830000
54	0.000138000
597	0.190275000
54	0.000042000
597	0.003020000
60	0.000253000