1111	0.000000000
54	0.000126000
1111	5.870638000
60	0.001014000
1514	0.000275000
165	0.000077000
60	0.001600000
597	0.217124000
54	0.000048000
597	0.192035000
54	0.000044000
1404	0.063506000
54	0.000038000
1404	0.027743000
54	0.000027000
597	0.000627000
60	0.000632000
496	0.111460000
54	0.039879000
1111	3.435979000
60	0.000355000
597	0.000141000
60	0.000109000
1111	0.005235000
60	0.000865000
1514	0.007990000
165	0.000125000
60	0.000785000
597	0.172385000
54	0.000046000
1404	0.097394000
54	0.000038000
1474	0.006457000
54	0.000022000
1334	0.000038000
54	0.000014000
1404	0.007653000
54	0.000017000
1474	0.034305000
54	0.000048000
1334	0.000044000
54	0.000013000
352	0.048306000
54	0.000043000
1111	7.475107000
54	0.000047000
597	0.019353000
60	0.000903000
597	0.213324000
54	0.039240000
597	22.701550000
60	0.000606000
1140	0.000012000
60	0.000104000
597	0.299055000
54	0.000044000
597	0.192440000
54	0.000045000
597	0.003384000
60	0.000283000
1474	6.555090000
54	0.039338000
719	0.000446000
54	0.000046000
1404	0.066825000
54	0.000029000
818	0.032806000
54	0.000044000
1111	17.716417000
60	0.000256000
597	0.237550000
54	0.000046000
597	0.194397000
54	0.000044000
1404	0.100824000
54	0.000040000
789	0.092182000
54	0.000041000
1111	1.857504000
54	0.000044000
597	0.008300000
60	0.000256000
597	0.310247000
54	0.038968000
1514	1.438583000
165	0.000354000
60	0.000395000
597	0.444773000
54	0.000047000
1404	0.028431000
54	0.000024000
789	0.141000000
54	0.000039000
597	19.387624000
60	0.000290000
597	0.228954000
54	0.000046000
597	0.001863000
60	0.000389000
597	0.000148000
60	0.000295000
597	0.206209000
54	0.039490000
1404	0.122938000
54	0.000052000
1404	0.000071000
54	0.000018000
1404	0.010062000
54	0.000019000
174	0.017503000
54	0.000016000
597	0.019480000
60	0.000179000
597	0.248052000
597	0.012412000
60	0.000886000
597	0.000019000
60	0.000272000
1514	0.000452000
165	0.000271000
60	0.000186000
597	0.139636000
54	0.038544000
1111	0.201722000
54	0.000046000
597	0.003437000
60	0.000247000
597	1.028116000
60	0.000280000
597	0.194888000
597	0.002143000
60	0.000255000
597	0.000129000
60	0.000249000
597	0.210548000
54	0.038960000
1404	0.000040000
54	0.000021000
1303	0.141042000
54	0.000039000
597	0.021268000
60	0.000409000
1111	0.001150000
60	0.000235000
597	0.398754000
597	0.001717000
60	0.000188000
597	16.671104000
60	0.000852000
597	0.000021000
60	0.000372000
597	0.227354000
54	0.039276000
1474	0.173958000
54	0.000041000
719	0.000042000
54	0.000015000
597	0.141280000
54	0.000048000
597	6.092759000
60	0.000520000
1111	1.894923000
54	0.000044000
597	0.000334000
60	0.000249000
597	0.009744000
60	0.000557000
597	0.338665000
54	0.037957000
1111	50.061784000
54	0.000045000
597	0.014204000
60	0.000425000
597	0.192372000
54	0.040421000
1111	1.959933000
54	0.000063000
597	39.372742000
60	0.000507000
597	0.000164000
60	0.000323000
597	0.000579000
60	0.000258000
597	0.199993000
54	0.000044000
597	0.000386000
60	0.000374000
1404	0.140032000
818	0.001155000
54	0.000016000
1111	0.140179000
54	0.038731000
1111	8.211260000
54	0.000058000
597	0.012320000
60	0.000632000
597	0.197687000
54	0.038280000
1111	41.139493000
54	0.000051000
597	0.014814000
60	0.000292000
597	0.188358000
54	0.036719000
1111	20.167828000
54	0.000047000
1111	29.910757000
54	0.000183000
1111	0.012423000
60	0.000119000
1111	0.046411000
60	0.000257000
597	0.167225000
54	0.038061000
597	0.150695000
54	0.000061000
1404	0.010614000
54	0.000018000
1404	0.032907000
54	0.000024000
525	0.108677000
54	0.000045000
597	11.068235000
60	0.000324000
597	0.163477000
54	0.000047000
597	0.003900000
60	0.000247000
597	0.424131000
597	0.005532000
60	0.000314000
597	0.366887000
54	0.035853000
597	1.001417000
60	0.001181000
597	0.160904000
54	0.000044000
597	0.004029000
60	0.000939000
597	0.239605000
597	0.004320000
60	0.000011000
597	0.426324000
54	0.037795000
597	7.204682000
54	0.000044000
597	0.538460000
54	0.000040000
1111	0.194653000
54	0.000046000
597	14.177996000
60	0.000363000
597	0.224572000
54	0.000048000
597	0.000365000
60	0.000286000
1111	13.464769000
597	0.015438000
60	0.000412000
597	0.187856000
54	0.038327000
597	41.023720000
60	0.000433000
1111	0.000163000
60	0.000649000
597	0.200224000
54	0.000050000
1404	0.064809000
54	0.000044000
1332	0.127354000
54	0.000046000
42	4.618515000
60	0.000290000
597	3.988469000
60	0.000797000
597	0.000018000
60	0.000251000
597	0.223436000
54	0.000050000
1404	0.173424000
54	0.000046000
1404	0.001886000
54	0.000021000
597	0.006484000
60	0.001101000
496	0.008220000
54	0.039564000
597	0.174165000
54	0.000048000
1111	50.091104000
54	0.000045000
597	0.011999000
60	0.000836000
597	0.193560000
54	0.039472000
1111	50.058912000
54	0.000049000
597	0.016987000
60	0.000762000
597	0.169181000
54	0.037911000
597	0.152601000
54	0.000051000
1111	49.940496000
54	0.000041000
597	0.007932000
60	0.000223000
597	0.203051000
54	0.041712000
1404	18.653315000
54	0.000050000
275	0.000512000
54	0.000011000
597	0.000321000
60	0.000116000
597	0.198766000
60	0.000791000
597	0.259241000
54	0.037443000
1111	0.154371000
54	0.000043000
1111	0.950727000
60	0.000258000
597	0.235449000
54	0.000041000
1111	7.445403000
60	0.000790000
597	0.000014000
60	0.000088000
597	0.007725000
60	0.000683000
597	0.239010000
54	0.000052000
1404	0.071967000
54	0.000044000
1111	0.033979000
60	0.000311000
597	0.000108000
60	0.000107000
1332	0.086708000
54	0.040587000
1140	0.152604000
54	0.000053000
1404	0.168881000
54	0.000040000
789	0.021839000
54	0.000024000
597	0.596663000
60	0.000322000
597	0.000133000
60	0.000142000
1111	0.119991000
60	0.000320000
1111	0.000161000
60	0.000978000
597	0.088654000
54	0.000038000
597	0.189391000
54	0.000046000
1404	0.043375000
54	0.000038000
818	0.140873000
54	0.000048000
1474	0.581729000
54	0.000043000
205	0.000044000
54	0.000015000
597	0.138603000
54	0.000044000
1111	0.244734000
54	0.000044000
597	0.013249000
60	0.000210000
597	0.269979000
54	0.037544000
1111	0.161242000
54	0.000067000
1111	0.019325000
60	0.000689000
597	0.224382000
54	0.039124000
1111	9.062571000
60	0.000383000
597	0.241852000
54	0.000041000
1404	0.047318000
54	0.000048000
789	0.140354000
54	0.000041000
1111	4.964451000
54	0.000047000
597	0.000449000
60	0.000501000
597	0.021121000
60	0.000067000
597	0.317372000
54	0.039055000
1111	6.499143000
54	0.000039000
1111	0.013647000
60	0.000689000
597	0.231603000
54	0.039375000
1404	0.055134000
54	0.000042000
275	0.100575000
54	0.000044000
1111	0.080300000
60	0.000744000
597	0.000013000
60	0.000189000
1111	0.004950000
60	0.000190000
597	0.069096000
60	0.000857000
597	0.127219000
54	0.000058000
1140	0.190261000
54	0.000052000
597	0.000613000
60	0.000295000
1404	0.027090000
54	0.038245000
789	0.076246000
54	0.000035000
1474	0.455893000
54	0.000050000
719	0.000042000
54	0.000013000
1111	0.234144000
54	0.000048000
1111	0.016390000
60	0.000204000
597	0.244159000
54	0.040516000
1111	0.148939000
54	0.000042000
1111	0.018656000
60	0.000198000
597	0.233275000
54	0.039060000
1111	1.594193000
60	0.000273000
1514	0.000686000
679	0.000047000
60	0.000110000
597	0.014918000
60	0.000276000
597	0.001026000
60	0.000163000
597	0.240350000
54	0.000054000
597	0.211805000
54	0.000043000
1404	0.061519000
54	0.000048000
1474	0.017431000
54	0.000042000
1334	0.000032000
54	0.000010000
597	0.042315000
60	0.000199000
1404	0.007495000
54	0.000030000
909	0.061511000
54	0.000045000
597	0.191230000
54	0.000052000
1111	0.518121000
54	0.000065000
1111	0.014749000
60	0.000659000
597	0.214557000
54	0.038000000
1111	0.098179000
60	0.000448000
597	0.000161000
60	0.000691000
597	0.193816000
54	0.000057000
597	0.190958000
54	0.000046000
1404	0.136327000
54	0.000055000
789	0.053407000
54	0.000043000
1111	0.189741000
54	0.000044000
597	0.014746000
60	0.000250000
597	0.182475000
54	0.037628000
1404	0.080291000
54	0.000074000
304	0.062268000
54	0.000057000
1111	0.007561000
60	0.000724000
597	0.217851000
54	0.039222000
1514	11.146443000
1193	0.000253000
60	0.000118000
1111	0.012212000
60	0.000206000
597	0.234244000
54	0.000047000
1404	0.158418000
54	0.000045000
1404	0.018216000
54	0.000033000
1404	0.002809000
54	0.000037000
1260	0.013827000
54	0.000043000
597	0.000397000
60	0.000313000
597	0.011024000
60	0.000199000
1404	0.051683000
54	0.037964000
789	0.039313000
54	0.000025000
597	0.189581000
54	0.000051000
1111	0.190735000
54	0.000049000
1111	0.014080000
60	0.000290000
597	0.236232000
54	0.037989000
1111	1.073311000
54	0.000043000
1111	0.019720000
60	0.000716000
597	0.199086000
54	0.038199000
1111	0.152776000
54	0.000049000
1111	0.010495000
60	0.000228000
597	0.205213000
54	0.039850000
597	5.356705000
60	0.000372000
597	0.211969000
54	0.000000000
1474	4.218855000
54	0.000069000
205	0.000143000
54	0.000015000
1111	0.054896000
60	0.000523000
597	0.000013000
60	0.000405000
597	0.004988000
60	0.000874000
597	0.000014000
60	0.000949000
597	0.057901000
60	0.000193000
597	0.150631000
54	0.000045000
1140	0.195707000
54	0.000050000
1404	0.163517000
54	0.000044000
789	0.021615000
54	0.000024000
1404	0.068263000
54	0.000048000
275	0.072533000
54	0.000045000
1111	0.009214000
60	0.001661000
597	0.246217000
54	0.037794000
1404	0.094188000
54	0.000050000
789	0.061933000
54	0.000045000
1111	0.190492000
54	0.000044000
1111	0.019972000
60	0.001846000
597	0.202622000
597	0.000320000
60	0.000438000
1111	0.142272000
1111	0.009104000
60	0.000647000
597	0.208737000
54	0.038394000
1111	1.755589000
60	0.000247000
597	0.200333000
54	0.000045000
1404	1.247237000
54	0.000070000
1474	0.000068000
54	0.000020000
911	0.000063000
54	0.000014000
597	0.000713000
60	0.000012000
1404	0.003128000
1404	0.015841000
54	0.000027000
1404	0.001216000
1404	0.003619000
54	0.000017000
1474	0.000782000
1334	0.000015000
54	0.000011000
597	0.001644000
60	0.000178000
1404	0.007793000
54	0.038178000
1404	0.066634000
54	0.000044000
1404	0.000487000
54	0.000016000
1404	0.000332000
54	0.000015000
1404	0.000040000
54	0.000013000
1474	0.000460000
54	0.000016000
1334	0.000038000
54	0.000013000
1404	0.018576000
54	0.000027000
1474	0.000528000
1334	0.000014000
54	0.000010000
1404	0.000033000
54	0.000492000
1404	0.003471000
1474	0.001661000
54	0.000019000
1334	0.000085000
1474	0.000011000
54	0.000009000
1474	0.000047000
1264	0.000010000
54	0.000205000
1474	0.000143000
1334	0.000012000
54	0.000314000
597	0.001089000
60	0.000304000
1404	0.006816000
1404	0.000019000
54	0.000012000
1404	0.105054000
1474	0.001018000
54	0.000018000
94	0.000054000
1474	0.000009000
54	0.000011000
1474	0.000032000
1154	0.000010000
54	0.000010000
1474	0.000974000
1474	0.000014000
54	0.000011000
1474	0.000038000
1474	0.000010000
54	0.000008000
1124	0.000035000
1474	0.000009000
1334	0.000008000
54	0.000498000
597	0.002496000
60	0.000204000
597	0.010365000
60	0.001009000
1404	0.003256000
1474	0.000116000
54	0.000012000
1334	0.000135000
1404	0.000613000
54	0.000018000
597	0.000422000
60	0.000536000
1474	0.000940000
1474	0.000015000
54	0.000011000
1474	0.000044000
1194	0.000010000
54	0.000009000
1474	0.003790000
1334	0.000018000
54	0.000011000
537	0.000049000
54	0.039020000
597	0.018087000
60	0.000745000
597	0.436545000
54	0.000048000
597	0.002312000
60	0.000689000
597	0.000053000
60	0.000220000
1111	0.000245000
60	0.000244000
597	0.274912000
54	0.036812000
1404	0.126963000
54	0.000063000
1474	0.001232000
54	0.000019000
1334	0.000034000
54	0.000013000
597	0.009940000
60	0.000619000
1514	0.000309000
165	0.000191000
60	0.000560000
1404	0.005472000
1404	0.000495000
54	0.000017000
1404	0.004103000
294	0.006727000
54	0.000017000
1404	0.002768000
597	0.004905000
60	0.000648000
275	0.130664000
597	0.014616000
60	0.000268000
1404	0.106131000
1404	0.017197000
54	0.000020000
525	0.051638000
54	0.037667000
597	0.101486000
54	0.000046000
597	0.002490000
60	0.000196000
597	0.141689000
597	0.001632000
60	0.000351000
1404	0.118895000
789	0.020319000
54	0.000022000
1111	0.140586000
54	0.037141000
597	0.020649000
60	0.000195000
597	0.005714000
60	0.000171000
597	0.219647000
54	0.000046000
1474	0.222031000
54	0.000042000
719	0.000035000
54	0.000010000
597	0.781092000
60	0.000199000
597	0.001615000
60	0.000165000
1111	0.074244000
60	0.000196000
597	0.006690000
60	0.001260000
597	0.291743000
54	0.000046000
597	0.004496000
60	0.000207000
597	0.000206000
60	0.000100000
597	0.000201000
60	0.000139000
597	0.000012000
60	0.000059000
597	0.001635000
60	0.000203000
597	0.000013000
60	0.000059000
597	0.006840000
60	0.000200000
597	0.000907000
60	0.000117000
1514	0.000820000
165	0.000096000
60	0.000158000
597	0.000731000
60	0.000139000
1514	0.066563000
679	0.000246000
60	0.000098000
1404	0.012541000
54	0.038765000
304	0.012489000
54	0.000055000
597	0.004189000
60	0.000237000
597	0.000015000
60	0.000154000
597	0.000731000
1514	0.000319000
60	0.001208000
223	0.000014000
60	0.000835000
60	0.000090000
597	0.001150000
60	0.000677000
597	0.000358000
60	0.000270000
597	0.000094000
60	0.000112000
1514	0.000157000
165	0.000187000
60	0.000152000
597	0.131688000
597	0.001888000
60	0.000218000
597	0.001110000
60	0.000132000
597	0.000712000
60	0.000117000
1111	0.000371000
60	0.000312000
597	0.000128000
60	0.002845000
1404	0.088099000
597	0.003460000
60	0.002232000
597	0.000024000
60	0.001061000
1390	0.044188000
54	0.039750000
1404	0.000383000
54	0.000255000
1474	0.013096000
1474	0.000044000
54	0.000016000
1264	0.000032000
54	0.000324000
1404	0.001444000
54	0.000340000
1474	0.013364000
1474	0.000040000
54	0.000015000
1264	0.000034000
54	0.000373000
1474	0.061335000
1334	0.000045000
54	0.000013000
1474	0.010754000
1334	0.000039000
54	0.000012000
597	0.012827000
60	0.000789000
597	0.010948000
60	0.000782000
1474	0.027166000
1474	0.000045000
54	0.000013000
1474	0.000039000
1474	0.000007000
54	0.000006000
1474	0.000021000
1054	0.000007000
54	0.000205000
1474	0.001344000
1334	0.000017000
54	0.000008000
1474	0.012763000
1474	0.000040000
54	0.000012000
1474	0.000030000
612	0.000006000
54	0.000006000
1404	0.004685000
597	0.016880000
60	0.000781000
1404	0.005822000
597	0.003041000
60	0.000848000
597	0.009938000
60	0.000827000
597	0.008909000
60	0.000289000
1474	0.005846000
1334	0.000035000
54	0.000013000
1404	0.003878000
1474	0.011078000
54	0.000040000
1334	0.000054000
1474	0.016776000
54	0.000046000
1334	0.000046000
1404	0.000009000
54	0.000007000
597	0.027515000
60	0.000776000
1178	0.023424000
597	0.000710000
60	0.000245000
1404	0.008823000
1474	0.001928000
54	0.000018000
1334	0.000050000
1474	0.000009000
54	0.000006000
1334	0.000022000
597	0.011009000
60	0.000205000
1404	0.006257000
597	0.000464000
60	0.000364000
1474	0.000180000
94	0.000010000
54	0.000006000
1294	0.000024000
54	0.039042000
1404	0.001457000
1474	0.000388000
54	0.000012000
1334	0.000024000
54	0.000488000
597	0.020402000
1474	0.000613000
1474	0.000012000
54	0.000007000
1474	0.000024000
1194	0.000008000
54	0.000006000
60	0.000020000
1474	0.024159000
1474	0.000039000
54	0.000013000
1264	0.000030000
597	0.002713000
60	0.000950000
597	0.000012000
60	0.000146000
716	0.018410000
1404	0.008119000
54	0.000041000
1474	0.025650000
1474	0.000039000
54	0.000013000
1474	0.000031000
1194	0.000007000
54	0.000005000
1474	0.014281000
1474	0.000024000
54	0.000011000
1474	0.000040000
1194	0.000007000
54	0.000006000
597	0.005626000
60	0.000176000
1474	0.015397000
1334	0.000040000
54	0.000012000
597	0.004672000
60	0.000308000
1404	0.010138000
597	0.000438000
60	0.000490000
1474	0.000011000
1334	0.000007000
54	0.000007000
1474	0.016705000
1474	0.000045000
54	0.000014000
1264	0.000032000
1474	0.019088000
54	0.000042000
1474	0.000032000
1264	0.000153000
54	0.000007000
597	0.000518000
1474	0.001147000
94	0.000010000
54	0.000006000
60	0.000022000
1294	0.000008000
970	0.019448000
54	0.000039000
1474	0.001243000
1334	0.000010000
54	0.000007000
1404	0.000036000
597	0.012956000
60	0.000244000
1474	0.003284000
1474	0.000032000
54	0.000011000
1264	0.000042000
1474	0.028851000
54	0.000043000
1474	0.000033000
1264	0.000007000
54	0.000007000
597	0.004566000
60	0.000846000
1404	0.026440000
597	0.001959000
60	0.000891000
597	0.033053000
60	0.000330000
1404	0.003169000
597	0.000373000
60	0.000771000
1111	0.000011000
60	0.000078000
597	0.000203000
60	0.000107000
597	0.000502000
60	0.000746000
597	0.000011000
60	0.000074000
597	0.000296000
60	0.000107000
1514	0.000900000
165	0.000107000
60	0.000728000
1111	0.005121000
60	0.000637000
1140	0.000012000
60	0.000082000
1111	0.000347000
60	0.000261000
597	0.000116000
60	0.000210000
1404	0.000664000
597	0.000782000
60	0.000128000
1514	0.004317000
679	0.000238000
60	0.000121000
136	0.001854000
54	0.037755000
1404	0.059314000
1111	0.001542000
60	0.000008000
1111	0.002058000
60	0.000152000
1404	0.083911000
1111	0.001533000
60	0.000620000
1111	0.000010000
60	0.000296000
69	0.008691000
1111	0.002146000
60	0.000871000
1404	0.111305000
597	0.003032000
60	0.000625000
597	0.000011000
60	0.000579000
597	0.000009000
60	0.003529000
1140	0.000013000
60	0.000547000
1404	0.011247000
1474	0.009803000
54	0.000046000
1334	0.000033000
597	0.003868000
60	0.000860000
1474	0.006787000
1474	0.000024000
54	0.000012000
1264	0.000037000
597	0.004965000
60	0.000206000
1474	0.007410000
1334	0.000031000
54	0.000012000
1404	0.005498000
597	0.000404000
60	0.000478000
1404	0.005835000
1404	0.000610000
54	0.000013000
1404	0.007855000
299	0.001774000
54	0.000012000
1474	0.006814000
1334	0.000029000
54	0.000011000
1404	0.008443000
1474	0.025602000
54	0.000126000
1334	0.000037000
1404	0.000605000
54	0.000012000
1474	0.009476000
1334	0.000040000
54	0.000013000
1474	0.011319000
1474	0.000036000
54	0.000012000
1264	0.000039000
597	0.000473000
60	0.000133000
1474	0.015631000
1474	0.000045000
54	0.000014000
1474	0.000042000
1194	0.000007000
54	0.000008000
1474	0.017380000
1474	0.000040000
54	0.000012000
1264	0.000031000
1474	0.029410000
54	0.000065000
1474	0.000051000
1264	0.000016000
54	0.000024000
1474	0.021641000
1474	0.000038000
54	0.000013000
1264	0.000030000
471	0.001635000
54	0.000012000
1111	0.002114000
60	0.000918000
597	0.000011000
60	0.000609000
597	0.000012000
60	0.000121000
597	0.000332000
60	0.000113000
1404	0.028091000
597	0.001403000
60	0.000517000
1404	0.015578000
597	0.002037000
60	0.000208000
1404	0.011449000
597	0.002014000
60	0.000175000
1474	0.030479000
1334	0.000038000
54	0.000013000
597	0.002930000
60	0.000418000
1474	0.017602000
1334	0.000024000
54	0.000011000
1404	0.000031000
597	0.001543000
60	0.000169000
597	0.000266000
60	0.000112000
1474	0.014142000
1334	0.000036000
54	0.000012000
1404	0.000029000
313	0.005651000
54	0.000009000
597	0.000373000
60	0.000308000
1474	0.022309000
1474	0.000020000
54	0.000009000
1264	0.000025000
1404	0.032565000
54	0.000026000
1404	0.000044000
1404	0.001221000
54	0.000011000
1474	0.020729000
1334	0.000031000
54	0.000012000
1404	0.010730000
1404	0.000453000
54	0.000011000
1111	0.004395000
60	0.000744000
1474	0.001945000
1334	0.000015000
54	0.000009000
597	0.001553000
60	0.000390000
1474	0.006919000
1474	0.000039000
54	0.000012000
1264	0.000038000
1404	0.014259000
54	0.000042000
1474	0.000839000
1334	0.000009000
54	0.000007000
1288	0.019283000
1404	0.001977000
54	0.000012000
1404	0.000231000
1404	0.006665000
54	0.000011000
1404	0.011743000
1404	0.000306000
54	0.000011000
1404	0.000031000
1474	0.009934000
54	0.000011000
94	0.000022000
1294	0.000006000
54	0.000322000
1404	0.008900000
597	0.000422000
60	0.000569000
1404	0.024705000
1404	0.000038000
54	0.000012000
1404	0.008994000
1404	0.007673000
54	0.000012000
1404	0.000313000
1404	0.000009000
54	0.000007000
1474	0.030188000
1474	0.000027000
54	0.000010000
134	0.000034000
1184	0.000006000
54	0.000665000
1404	0.004411000
1404	0.000415000
54	0.000010000
1404	0.001691000
1404	0.005214000
54	0.000016000
1111	0.000423000
60	0.001281000
597	0.001785000
60	0.000159000
1404	0.004033000
1474	0.000277000
54	0.000014000
1334	0.000034000
597	0.000979000
60	0.000246000
149	0.011150000
1474	0.000591000
54	0.000011000
1334	0.000033000
1404	0.001987000
54	0.000011000
1474	0.002367000
94	0.000009000
54	0.000007000
1294	0.000021000
597	0.000195000
60	0.002634000
1404	0.004170000
1404	0.005919000
54	0.000011000
1404	0.000287000
1404	0.002502000
54	0.000011000
1474	0.012029000
94	0.000012000
54	0.000007000
1474	0.000026000
1224	0.000007000
54	0.000006000
1474	0.001062000
1334	0.000009000
54	0.000007000
1404	0.000037000
1474	0.007801000
54	0.000010000
1334	0.000033000
1404	0.000007000
54	0.000006000
1404	0.006673000
1474	0.010237000
54	0.000011000
94	0.000022000
1294	0.000006000
54	0.000104000
1404	0.008765000
1404	0.000572000
54	0.000010000
1404	0.007149000
1404	0.000161000
54	0.000011000
597	0.000413000
60	0.000213000
1474	0.030039000
1334	0.000025000
54	0.000010000
1404	0.000032000
1404	0.000009000
54	0.000007000
1404	0.004670000
1404	0.000406000
54	0.000016000
597	0.001984000
60	0.000135000
1474	0.004953000
1334	0.000026000
54	0.000010000
1404	0.007750000
1404	0.000009000
54	0.000007000
597	0.000417000
1404	0.000062000
60	0.000379000
1474	0.014945000
54	0.000029000
1334	0.000028000
1404	0.000885000
54	0.000010000
1474	0.002337000
1334	0.000009000
54	0.000007000
1404	0.000470000
1404	0.006252000
54	0.000011000
597	0.000374000
60	0.001382000
1474	0.003646000
94	0.000010000
54	0.000006000
1294	0.000022000
1404	0.014924000
54	0.000012000
1474	0.000445000
1474	0.000009000
54	0.000006000
1264	0.000032000
1474	0.001285000
54	0.000012000
1474	0.000038000
1264	0.000007000
54	0.000006000
1404	0.006754000
1404	0.000088000
54	0.000010000
1404	0.000046000
1404	0.018609000
54	0.000028000
1474	0.003823000
1334	0.000010000
54	0.000006000
1404	0.002824000
1404	0.008152000
54	0.000011000
1474	0.000203000
1334	0.000009000
54	0.000006000
1404	0.031009000
1474	0.000208000
54	0.000013000
1334	0.000027000
597	0.000472000
1404	0.000089000
60	0.000222000
1404	0.004764000
54	0.000018000
1474	0.000423000
94	0.000014000
54	0.000009000
1294	0.000039000
1474	0.006892000
54	0.000023000
1334	0.000050000
1404	0.000011000
54	0.000009000
1474	0.007469000
1334	0.000018000
54	0.000012000
1404	0.000156000
597	0.000619000
60	0.000263000
1474	0.018103000
1334	0.000017000
54	0.000011000
1404	0.000055000
1474	0.000645000
54	0.000018000
1474	0.000052000
1474	0.000012000
1474	0.000006000
1124	0.000008000
54	0.000510000
597	0.005477000
60	0.001010000
597	0.000275000
60	0.000716000
1474	0.003811000
1474	0.000027000
54	0.000014000
134	0.000069000
1474	0.000011000
54	0.000011000
1114	0.000037000
597	0.000960000
60	0.000472000
1404	0.014611000
1474	0.001462000
54	0.000020000
1334	0.000059000
1404	0.000011000
54	0.000010000
1474	0.000685000
1474	0.000014000
54	0.000010000
1474	0.000035000
1194	0.000010000
54	0.000849000
1474	0.004412000
1334	0.000019000
54	0.000011000
1474	0.002671000
1334	0.000015000
54	0.000011000
1474	0.014726000
1334	0.000018000
54	0.000012000
1404	0.000755000
1404	0.008396000
54	0.000018000
1404	0.000863000
597	0.004875000
60	0.000718000
1404	0.004368000
1474	0.000482000
54	0.000020000
94	0.000045000
1294	0.000010000
54	0.000605000
597	0.000132000
60	0.000353000
1404	0.025199000
1404	0.000417000
54	0.000017000
1474	0.002775000
1334	0.000015000
54	0.000012000
1474	0.003077000
1474	0.000018000
54	0.000012000
1474	0.000050000
1474	0.000010000
54	0.000010000
1124	0.000081000
597	0.001021000
60	0.000468000
597	0.000858000
60	0.000614000
597	0.000964000
60	0.000202000
1404	0.003263000
1404	0.000718000
54	0.000048000
597	0.000312000
60	0.000470000
1404	0.000408000
1404	0.001185000
54	0.000020000
1111	0.003229000
60	0.000223000
1404	0.002109000
1474	0.000266000
54	0.000019000
1334	0.000037000
1111	0.006648000
60	0.000213000
1474	0.014278000
1474	0.000033000
54	0.000011000
1264	0.000029000
1474	0.001720000
54	0.000013000
1474	0.000024000
1474	0.000008000
54	0.000006000
1474	0.000020000
1474	0.000007000
1054	0.000004000
54	0.000120000
1474	0.007119000
1334	0.000015000
54	0.000008000
1474	0.002748000
1474	0.000028000
54	0.000010000
1264	0.000036000
597	0.000455000
60	0.000718000
1111	0.003147000
60	0.000156000
1474	0.009459000
1474	0.000035000
54	0.000013000
1474	0.000040000
1194	0.000007000
54	0.000006000
1474	0.003372000
1474	0.000017000
54	0.000009000
1264	0.000035000
1474	0.000006000
54	0.000007000
1334	0.000021000
1474	0.005738000
54	0.000049000
1474	0.000048000
1264	0.000008000
54	0.000007000
1474	0.000780000
1334	0.000011000
54	0.000007000
597	0.000387000
60	0.000411000
1474	0.013011000
1474	0.000044000
54	0.000014000
1264	0.000043000
597	0.000500000
60	0.000946000
1404	0.000014000
1474	0.012733000
54	0.000043000
1474	0.000033000
1264	0.000008000
54	0.000005000
1111	0.002834000
60	0.001836000
1474	0.003278000
1334	0.000032000
54	0.000015000
1474	0.001775000
1334	0.000012000
54	0.000007000
1404	0.024384000
1474	0.000875000
54	0.000017000
1474	0.000029000
1264	0.000007000
54	0.000006000
1474	0.005620000
1474	0.000041000
54	0.000014000
1264	0.000043000
1474	0.002045000
54	0.000012000
1474	0.000022000
1264	0.000007000
54	0.000006000
597	0.000454000
60	0.001454000
1474	0.003877000
1474	0.000028000
54	0.000012000
1474	0.000046000
1194	0.000007000
54	0.000007000
597	0.000518000
60	0.000153000
1404	0.010943000
1474	0.000574000
54	0.000013000
94	0.000082000
1474	0.000006000
54	0.000007000
1474	0.000022000
1154	0.000006000
54	0.000006000
1474	0.018174000
1334	0.000037000
54	0.000012000
1404	0.000031000
1474	0.000006000
54	0.000007000
1474	0.000022000
1264	0.000006000
1404	0.000004000
1474	0.000004000
1334	0.000007000
54	0.000194000
597	0.001416000
60	0.000284000
1404	0.001680000
597	0.000905000
60	0.001045000
1474	0.002942000
1474	0.000021000
54	0.000010000
1264	0.000040000
1474	0.000006000
54	0.000006000
232	0.000023000
1404	0.000006000
54	0.000148000
597	0.000607000
60	0.000150000
1474	0.014646000
1474	0.000034000
54	0.000011000
1264	0.000055000
1474	0.000007000
54	0.000006000
1334	0.000024000
1474	0.002099000
54	0.000016000
1474	0.000036000
1474	0.000007000
54	0.000006000
1194	0.000022000
1404	0.001074000
54	0.000011000
1404	0.002577000
1404	0.001391000
54	0.000016000
1474	0.001056000
1474	0.000010000
54	0.000007000
1264	0.000047000
597	0.000382000
60	0.000372000
1404	0.001989000
1404	0.009533000
54	0.000025000
1404	0.000042000
1474	0.001020000
54	0.000011000
1334	0.000023000
1474	0.015479000
54	0.000050000
1474	0.000042000
1474	0.000008000
54	0.000006000
1194	0.000022000
597	0.005778000
60	0.000380000
1404	0.001268000
1404	0.000013000
54	0.000009000
1404	0.000442000
1404	0.001641000
54	0.000011000
1404	0.000036000
1474	0.024186000
54	0.000093000
1474	0.000033000
1264	0.000007000
54	0.000007000
1474	0.000473000
1334	0.000009000
54	0.000123000
597	0.000323000
60	0.000621000
1474	0.005916000
1474	0.000024000
54	0.000010000
1264	0.000026000
597	0.000475000
1474	0.002326000
1474	0.000014000
54	0.000007000
1474	0.000025000
1194	0.000006000
54	0.000006000
60	0.000020000
1474	0.003849000
1334	0.000011000
54	0.000007000
1474	0.000051000
1334	0.000008000
54	0.000007000
1404	0.012706000
1404	0.000185000
54	0.000012000
1404	0.000626000
1474	0.000594000
54	0.000010000
1474	0.000023000
1264	0.000007000
54	0.000006000
1474	0.015863000
1474	0.000013000
54	0.000008000
1264	0.000052000
1474	0.000006000
54	0.000007000
1334	0.000028000
597	0.001152000
60	0.000189000
1474	0.000404000
94	0.000010000
54	0.000006000
1474	0.000033000
1474	0.000007000
54	0.000005000
1154	0.000022000
669	0.006085000
54	0.000010000
1474	0.027768000
1334	0.000057000
54	0.000015000
1474	0.000440000
94	0.000010000
54	0.000007000
1294	0.000029000
1474	0.001005000
54	0.000012000
1474	0.000034000
1474	0.000007000
54	0.000006000
1194	0.000031000
1474	0.001163000
54	0.000013000
1474	0.000077000
1264	0.000007000
54	0.000007000
1404	0.000031000
597	0.000431000
60	0.000136000
1111	0.002359000
60	0.000192000
597	0.002628000
60	0.000160000
1404	0.012186000
597	0.000476000
60	0.000204000
1404	0.000388000
1404	0.000515000
54	0.000010000
1474	0.000650000
1334	0.000010000
54	0.000007000
1474	0.000053000
1474	0.000006000
54	0.000006000
1264	0.000021000
1404	0.000262000
54	0.000152000
1474	0.000078000
1474	0.000007000
1264	0.000004000
54	0.000054000
1474	0.022681000
1334	0.000031000
54	0.000012000
1404	0.000042000
1474	0.000575000
54	0.000011000
1474	0.000040000
1264	0.000008000
1404	0.000004000
54	0.000247000
1404	0.000103000
1474	0.000812000
54	0.000010000
1474	0.000057000
1474	0.000007000
1194	0.000004000
54	0.000404000
597	0.000340000
60	0.001373000
1474	0.009263000
1334	0.000026000
54	0.000010000
1404	0.000028000
1404	0.000429000
54	0.000011000
1404	0.000022000
1404	0.000006000
54	0.000135000
1404	0.000355000
1474	0.001514000
54	0.000012000
1334	0.000024000
1474	0.000872000
54	0.000013000
1474	0.000032000
1264	0.000007000
54	0.000007000
597	0.000413000
60	0.000651000
597	0.000098000
60	0.000328000
1404	0.000185000
1404	0.005765000
54	0.000012000
1474	0.000097000
1334	0.000009000
54	0.000006000
597	0.000440000
60	0.000371000
1474	0.000469000
1474	0.000009000
54	0.000008000
1264	0.000029000
1404	0.000814000
54	0.000010000
1404	0.001870000
1474	0.000950000
54	0.000015000
1474	0.000027000
1264	0.000007000
54	0.000006000
597	0.000839000
60	0.000608000
597	0.000116000
60	0.000166000
1404	0.010946000
1404	0.020790000
54	0.000028000
1474	0.000782000
1334	0.000010000
54	0.000007000
1404	0.001178000
1404	0.000011000
54	0.000007000
1404	0.000038000
1474	0.001061000
54	0.000012000
1474	0.000036000
1474	0.000007000
54	0.000006000
561	0.000030000
1404	0.000858000
54	0.000010000
1474	0.000972000
1334	0.000011000
54	0.000008000
597	0.001864000
60	0.000131000
1474	0.011044000
1334	0.000032000
54	0.000011000
1404	0.011889000
1404	0.000158000
54	0.000012000
1474	0.000131000
1334	0.000007000
54	0.000007000
1404	0.000652000
597	0.000358000
60	0.000115000
1474	0.000745000
1474	0.000010000
54	0.000007000
1264	0.000023000
1404	0.001865000
54	0.000012000
1474	0.000204000
1474	0.000009000
54	0.000007000
1264	0.000030000
597	0.000403000
60	0.000354000
597	0.003788000
60	0.000151000
1404	0.014276000
1474	0.001081000
54	0.000017000
1334	0.000044000
597	0.000520000
60	0.000125000
1474	0.002633000
1474	0.000013000
54	0.000009000
1474	0.000035000
1474	0.000006000
54	0.000007000
1474	0.000029000
1474	0.000007000
984	0.000004000
1474	0.000004000
1334	0.000005000
54	0.000151000
1404	0.018490000
1474	0.000202000
54	0.000013000
1334	0.000039000
597	0.000514000
1404	0.000007000
1404	0.000000000
1474	0.000000000
1334	0.000000000
60	0.000000000
54	0.000033000
54	0.000092000
1474	0.003229000
1474	0.000017000
54	0.000009000
1474	0.000028000
1474	0.000006000
54	0.000006000
1124	0.000021000
597	0.000889000
60	0.000256000
1474	0.008828000
1474	0.000030000
54	0.000011000
1264	0.000052000
1474	0.000006000
54	0.000006000
1334	0.000023000
1404	0.000235000
54	0.000061000
1474	0.001436000
1334	0.000009000
54	0.000007000
1474	0.000346000
94	0.000009000
54	0.000006000
1294	0.000024000
597	0.001328000
60	0.000388000
1474	0.000248000
94	0.000011000
54	0.000006000
1294	0.000023000
597	0.000393000
60	0.000388000
1111	0.009043000
60	0.000184000
1474	0.001344000
1474	0.000015000
54	0.000008000
1474	0.000035000
1474	0.000007000
54	0.000007000
1124	0.000030000
1474	0.000007000
1334	0.000004000
54	0.000163000
1404	0.001232000
1474	0.001340000
54	0.000014000
1334	0.000026000
1474	0.000007000
54	0.000006000
1334	0.000020000
1474	0.000007000
1334	0.000004000
54	0.000146000
597	0.000580000
60	0.000237000
1474	0.013102000
1334	0.000034000
54	0.000012000
1474	0.016974000
1334	0.000040000
54	0.000013000
1474	0.000056000
1334	0.000007000
54	0.000007000
1404	0.000022000
1404	0.000485000
54	0.000055000
1404	0.000322000
1474	0.001135000
54	0.000011000
1334	0.000035000
1474	0.000787000
54	0.000014000
1474	0.000026000
1264	0.000006000
54	0.000007000
1404	0.001583000
1474	0.000011000
54	0.000007000
1334	0.000031000
1474	0.016578000
54	0.000096000
644	0.000033000
597	0.000511000
60	0.000441000
1404	0.000466000
1404	0.007366000
54	0.000013000
1474	0.002787000
1474	0.000010000
54	0.000007000
1264	0.000029000
1474	0.011706000
54	0.000036000
1334	0.000046000
1404	0.000007000
54	0.000007000
1111	0.000527000
60	0.000444000
1474	0.016170000
1444	0.000013000
54	0.000007000
1294	0.000024000
1404	0.013752000
54	0.000024000
1404	0.007351000
1474	0.000380000
54	0.000011000
1334	0.000025000
1404	0.005192000
54	0.000018000
1404	0.005958000
1404	0.000749000
54	0.000015000
1111	0.002838000
60	0.000175000
1474	0.005927000
1334	0.000044000
54	0.000017000
1404	0.000045000
1111	0.005928000
60	0.000304000
1474	0.001005000
1474	0.000017000
54	0.000012000
1264	0.000036000
1474	0.011840000
54	0.000048000
1474	0.000033000
1264	0.000007000
54	0.000006000
1474	0.006224000
1474	0.000035000
54	0.000011000
1264	0.000037000
1111	0.003345000
60	0.000161000
1474	0.003659000
1334	0.000012000
54	0.000008000
1404	0.009588000
1474	0.001927000
54	0.000022000
1334	0.000033000
1404	0.002874000
54	0.000037000
1404	0.000030000
1404	0.000008000
54	0.000006000
1404	0.002509000
1474	0.003502000
54	0.000027000
1474	0.000050000
1264	0.000007000
54	0.000007000
1474	0.001676000
1474	0.000026000
54	0.000010000
1264	0.000054000
167	0.001915000
54	0.000070000
1111	0.000374000
60	0.000335000
1474	0.001123000
1474	0.000011000
54	0.000008000
1264	0.000041000
1474	0.000008000
54	0.000007000
1474	0.000033000
1264	0.000007000
54	0.000129000
1404	0.001899000
1404	0.000456000
54	0.000010000
1404	0.000031000
1404	0.000737000
54	0.000010000
1474	0.001463000
1334	0.000010000
54	0.000007000
1474	0.002560000
1334	0.000016000
54	0.000029000
1404	0.000513000
1474	0.007556000
54	0.000028000
1474	0.000036000
1264	0.000007000
54	0.000006000
1474	0.005520000
1334	0.000040000
54	0.000014000
1404	0.000030000
597	0.000470000
60	0.000111000
1474	0.007753000
1334	0.000039000
54	0.000012000
1404	0.000043000
1474	0.009653000
54	0.000040000
1334	0.000043000
1404	0.000007000
54	0.000006000
1404	0.007646000
1404	0.001930000
54	0.000011000
1404	0.000523000
1474	0.002114000
54	0.000011000
94	0.000043000
1294	0.000007000
1404	0.000004000
54	0.000006000
1404	0.001393000
1474	0.000230000
54	0.000011000
1334	0.000022000
1404	0.001966000
54	0.000012000
597	0.000373000
60	0.000404000
1474	0.000474000
94	0.000010000
54	0.000006000
1294	0.000023000
597	0.000211000
60	0.000226000
1404	0.004123000
1474	0.001421000
54	0.000014000
1334	0.000040000
1404	0.000007000
54	0.000006000
1404	0.001774000
1404	0.000491000
54	0.000010000
1404	0.003260000
1404	0.001187000
54	0.000010000
1404	0.000226000
1404	0.000203000
54	0.000009000
1404	0.009584000
1474	0.000708000
54	0.000011000
1334	0.000022000
1474	0.011051000
54	0.000027000
1334	0.000039000
1404	0.000006000
54	0.000007000
1474	0.002447000
94	0.000010000
54	0.000006000
1294	0.000022000
1404	0.000634000
54	0.000009000
1404	0.009004000
1474	0.000246000
54	0.000010000
1334	0.000023000
597	0.000255000
60	0.000362000
1404	0.010080000
1474	0.000403000
54	0.000010000
1334	0.000039000
1404	0.006832000
54	0.000026000
1474	0.003646000
1334	0.000010000
54	0.000007000
1404	0.003649000
1404	0.000123000
54	0.000011000
1404	0.001704000
1404	0.006147000
54	0.000028000
114	0.001835000
1404	0.000014000
54	0.000009000
1404	0.000027000
1404	0.004102000
54	0.000026000
1404	0.002659000
1474	0.004667000
54	0.000032000
1334	0.000033000
597	0.000336000
60	0.000272000
1474	0.003388000
1474	0.000028000
54	0.000010000
1264	0.000031000
1404	0.004683000
54	0.000036000
1474	0.000983000
1334	0.000009000
54	0.000008000
1404	0.004822000
597	0.000357000
60	0.000041000
1404	0.005127000
1474	0.006746000
54	0.000029000
1334	0.000030000
1404	0.006324000
54	0.000038000
1474	0.000032000
1334	0.000008000
54	0.000006000
1404	0.004043000
1404	0.003612000
54	0.000029000
1404	0.000039000
1404	0.005893000
54	0.000038000
1404	0.003597000
1404	0.000014000
54	0.000008000
1404	0.003425000
1474	0.011888000
54	0.000036000
1474	0.000031000
1264	0.000007000
54	0.000007000
1474	0.006176000
1334	0.000036000
54	0.000012000
1404	0.000031000
1474	0.008917000
54	0.000045000
1334	0.000030000
1404	0.000007000
54	0.000007000
1404	0.002617000
1404	0.000271000
54	0.000011000
1404	0.000030000
597	0.000238000
60	0.000415000
1404	0.003826000
1474	0.000298000
54	0.000014000
1334	0.000026000
1404	0.000951000
54	0.000010000
1474	0.003180000
1474	0.000018000
54	0.000008000
1264	0.000030000
597	0.000303000
60	0.000882000
1474	0.000385000
1474	0.000020000
54	0.000010000
1264	0.000035000
1474	0.001614000
54	0.000014000
1334	0.000066000
1404	0.000870000
54	0.000011000
1474	0.000307000
1334	0.000009000
54	0.000007000
1404	0.002457000
1474	0.000987000
54	0.000014000
1474	0.000024000
1474	0.000007000
54	0.000006000
1474	0.000020000
1124	0.000007000
54	0.000115000
1474	0.000072000
1334	0.000008000
54	0.000291000
597	0.000133000
60	0.000462000
1404	0.002924000
1111	0.001021000
60	0.000886000
1474	0.000014000
1334	0.000006000
54	0.000008000
1404	0.001904000
1474	0.001125000
54	0.000013000
1474	0.000037000
1264	0.000007000
54	0.000007000
1474	0.000021000
1334	0.000006000
54	0.000131000
1474	0.001547000
1334	0.000015000
54	0.000007000
1474	0.000025000
1334	0.000006000
54	0.000006000
597	0.000661000
60	0.000369000
1111	0.001544000
60	0.000332000
1474	0.002951000
1334	0.000023000
54	0.000010000
1404	0.001146000
1404	0.000015000
54	0.000008000
1404	0.002644000
1281	0.004908000
54	0.000037000
1474	0.003803000
1334	0.000017000
54	0.000009000
1111	0.001351000
1474	0.000362000
1334	0.000010000
54	0.000007000
60	0.000033000
597	0.000451000
60	0.000489000
1474	0.003163000
1334	0.000026000
54	0.000011000
1404	0.002855000
1404	0.000017000
54	0.000009000
1474	0.004510000
1474	0.000037000
54	0.000013000
1264	0.000043000
1474	0.005605000
54	0.000045000
1474	0.000053000
1264	0.000008000
54	0.000007000
597	0.000808000
60	0.000208000
1404	0.004702000
1404	0.004770000
54	0.000039000
1474	0.005918000
1334	0.000023000
54	0.000012000
1404	0.006782000
1474	0.000749000
54	0.000013000
1334	0.000029000
1404	0.006313000
54	0.000040000
1474	0.001675000
1334	0.000011000
54	0.000008000
1474	0.009351000
1334	0.000021000
54	0.000013000
597	0.000547000
60	0.000736000
1404	0.000547000
1404	0.000232000
54	0.000010000
1474	0.011890000
1334	0.000031000
54	0.000012000
1404	0.000892000
1474	0.007809000
54	0.000029000
1474	0.000033000
1264	0.000007000
54	0.000006000
1474	0.007592000
1334	0.000035000
54	0.000012000
1404	0.002373000
1474	0.000551000
54	0.000013000
1474	0.000037000
1264	0.000008000
54	0.000006000
749	0.043065000
597	0.000315000
60	0.000437000
1474	0.131178000
1334	0.000038000
54	0.000014000
1474	0.002726000
1474	0.000024000
54	0.000010000
134	0.000026000
1184	0.000006000
54	0.000372000
1474	0.002410000
1474	0.000014000
54	0.000008000
1264	0.000033000
1474	0.001709000
54	0.000013000
1334	0.000075000
1404	0.000670000
54	0.000011000
1341	0.004285000
1474	0.004939000
54	0.000028000
1474	0.000031000
1264	0.000007000
54	0.000006000
1474	0.000021000
1334	0.000008000
1404	0.000004000
54	0.000170000
1474	0.002787000
1334	0.000012000
54	0.000007000
1404	0.003678000
597	0.000384000
1404	0.000073000
60	0.000523000
1404	0.002056000
54	0.000015000
1404	0.000867000
1474	0.004992000
54	0.000030000
1474	0.000038000
1264	0.000007000
54	0.000006000
1474	0.000833000
1334	0.000009000
54	0.000008000
597	0.000380000
60	0.000662000
1474	0.000113000
1334	0.000010000
54	0.000007000
1474	0.001599000
1474	0.000013000
54	0.000008000
1474	0.000035000
1474	0.000007000
54	0.000006000
1124	0.000031000
1404	0.000930000
54	0.000011000
1474	0.000816000
1334	0.000010000
54	0.000006000
1474	0.002919000
1334	0.000027000
54	0.000010000
1404	0.000046000
597	0.000455000
60	0.000403000
1404	0.002934000
1474	0.000021000
54	0.000010000
1334	0.000026000
1474	0.006954000
54	0.000039000
1334	0.000046000
1474	0.001804000
54	0.000013000
1474	0.000025000
1474	0.000007000
54	0.000006000
1194	0.000023000
1474	0.001779000
54	0.000015000
1334	0.000032000
1404	0.000007000
54	0.000006000
1474	0.003008000
1474	0.000013000
54	0.000009000
1264	0.000025000
1474	0.000660000
54	0.000009000
1474	0.000039000
1264	0.000007000
54	0.000005000
1474	0.002966000
1334	0.000019000
54	0.000009000
597	0.000469000
60	0.000794000
1111	0.046374000
60	0.000218000
845	0.042235000
54	0.039014000
597	0.253985000
54	0.000052000
1404	0.410481000
54	0.000039000
1474	0.000396000
54	0.000010000
911	0.000025000
54	0.000010000
1474	0.013382000
54	0.000025000
1334	0.000027000
54	0.000008000
1474	0.013841000
54	0.000013000
94	0.000053000
54	0.000009000
1294	0.000024000
54	0.000008000
1404	0.000022000
54	0.000008000
1101	0.112792000
54	0.000051000
1514	0.049667000
165	0.000377000
60	0.000049000
1514	0.000292000
1193	0.000097000
60	0.000183000
597	0.051895000
60	0.000769000
1514	0.042214000
165	0.000124000
60	0.000173000
1514	0.002493000
679	0.000206000
60	0.000148000
1514	0.029773000
165	0.000225000
60	0.000098000
1514	0.002308000
679	0.000229000
60	0.000194000
597	0.119028000
54	0.000044000
1404	0.100924000
54	0.000048000
1404	0.001831000
54	0.000011000
1404	0.048469000
54	0.000042000
1404	0.020323000
54	0.000041000
597	0.001771000
60	0.000151000
597	0.000129000
60	0.000265000
597	0.000116000
60	0.000453000
597	0.000012000
60	0.000291000
996	0.018094000
54	0.036518000
1404	0.079928000
54	0.000053000
1332	0.024228000
54	0.000065000
597	0.000620000
60	0.000184000
1474	0.110085000
1474	0.000035000
54	0.000015000
1264	0.000028000
1404	0.012472000
54	0.000043000
424	0.016168000
1474	0.009732000
54	0.000014000
1334	0.000028000
597	0.001358000
60	0.000119000
1404	0.001399000
54	0.039998000
688	0.098676000
54	0.000152000
597	0.017266000
60	0.000818000
597	0.159770000
597	0.020583000
60	0.000195000
597	0.139554000
597	0.002134000
60	0.000773000
1474	0.167878000
1474	0.000087000
54	0.000018000
841	0.000029000
1474	0.034677000
54	0.000046000
1334	0.000049000
1404	0.000542000
54	0.000012000
1474	0.072511000
1474	0.000042000
54	0.000013000
1264	0.000030000
597	0.000548000
60	0.000202000
1404	0.006863000
1474	0.000032000
54	0.000012000
1334	0.000031000
1474	0.005231000
54	0.000058000
1474	0.000052000
1264	0.000008000
54	0.000007000
1404	0.001147000
1474	0.000826000
54	0.000013000
1334	0.000037000
1168	0.017976000
54	0.000044000
1474	0.011732000
1474	0.000038000
54	0.000014000
1264	0.000030000
1474	0.003676000
54	0.000024000
1334	0.000027000
1404	0.008789000
54	0.000048000
597	0.000474000
60	0.000559000
1404	0.000878000
1474	0.000552000
54	0.000014000
1334	0.000043000
1474	0.001037000
54	0.000063000
1334	0.000025000
1404	0.000006000
54	0.000007000
1404	0.002997000
1404	0.000020000
54	0.000010000
1404	0.000027000
1474	0.003878000
54	0.000035000
1474	0.000032000
1264	0.000007000
54	0.000007000
1317	0.103349000
54	0.038255000
597	11.569840000
60	0.000160000
1111	0.000513000
60	0.000192000
597	0.000772000
60	0.000745000
597	0.000278000
60	0.000325000
597	0.000472000
60	0.000211000
597	0.001097000
60	0.000735000
597	0.001132000
60	0.000314000
597	16.927606000
60	0.000388000
1514	0.000392000
165	0.000149000
60	0.000481000
597	0.220328000
54	0.000062000
1404	0.065442000
54	0.000046000
1332	0.125859000
54	0.000061000
1111	0.189653000
54	0.000068000
1474	0.472411000
54	0.000049000
719	0.000069000
54	0.000011000
1111	0.141479000
54	0.000040000
1111	0.216691000
54	0.000071000
1111	0.191175000
54	0.000058000
1111	6.275160000
54	0.000061000
597	0.011672000
60	0.001430000
597	0.213154000
54	0.038979000
1111	14.997014000
60	0.001546000
597	0.000039000
60	0.000546000
597	0.107530000
60	0.000514000
1514	0.000418000
1514	0.000601000
247	0.000152000
1514	0.000362000
60	0.001342000
60	0.000042000
679	0.000010000
60	0.000258000
597	0.097723000
54	0.000028000
1404	0.065437000
54	0.000032000
1404	0.090179000
54	0.000047000
597	0.007960000
60	0.000661000
1097	0.026488000
54	0.038206000
1404	0.005578000
54	0.000019000
789	0.140655000
54	0.000047000
597	3.398049000
60	0.000212000
597	0.000712000
60	0.000429000
597	0.202146000
54	0.000044000
1404	0.183246000
54	0.000047000
789	0.006506000
54	0.000022000
1111	0.487765000
54	0.000042000
597	0.016073000
60	0.000787000
1111	0.180586000
54	0.039901000
597	0.151108000
54	0.000049000
1111	4.880960000
54	0.000043000
1404	24.789417000
54	0.000046000
275	0.000852000
54	0.000011000
1111	0.061783000
60	0.000353000
1111	0.005517000
60	0.000199000
597	0.032951000
60	0.000194000
597	0.182221000
54	0.000042000
1404	0.169571000
54	0.000049000
1361	0.025576000
54	0.000040000
1111	0.010439000
60	0.000306000
1474	0.145313000
719	0.000039000
54	0.000015000
597	0.000421000
60	0.000466000
1140	0.139903000
54	0.038187000
1474	0.219624000
54	0.000053000
719	0.000043000
54	0.000013000
1111	0.265475000
54	0.000044000
1111	0.020672000
60	0.000646000
597	0.254767000
597	0.000313000
60	0.000401000
1111	0.140753000
1111	0.007038000
60	0.000321000
597	0.213675000
54	0.036111000
597	0.155395000
54	0.000044000
1111	2.789484000
60	0.000279000
1514	0.001004000
165	0.000280000
60	0.000108000
597	0.000098000
60	0.000902000
1111	0.011862000
60	0.000810000
597	0.207716000
54	0.000048000
1404	0.156438000
54	0.000044000
1332	0.026891000
54	0.000028000
1404	0.030762000
54	0.000034000
1404	0.024678000
54	0.000019000
597	0.026897000
60	0.000197000
1010	0.057918000
54	0.036781000
597	0.153578000
54	0.000052000
1111	0.191227000
54	0.000044000
1111	0.020659000
60	0.000314000
597	0.245027000
54	0.036901000
1111	1.234911000
54	0.000045000
1111	0.018323000
60	0.000972000
597	0.284337000
54	0.037760000
1111	0.150158000
54	0.000048000
1111	0.017489000
60	0.000200000
597	0.295270000
54	0.041133000
1111	17.242791000
60	0.000237000
597	0.000260000
60	0.000151000
597	0.221460000
54	0.000047000
1404	0.127375000
54	0.000041000
1332	0.062429000
54	0.001018000
597	16.462246000
1514	0.001051000
60	0.000108000
708	0.000074000
60	0.000362000
597	0.192770000
54	0.000041000
1404	0.117788000
54	0.000051000
1332	0.073970000
54	0.000031000
1474	5.975269000
54	0.000040000
205	0.000284000
54	0.000010000
597	0.045469000
60	0.000335000
597	0.000132000
60	0.000263000
597	0.005924000
60	0.000302000
597	0.000128000
60	0.000108000
597	0.048435000
60	0.000694000
597	0.187427000
54	0.000046000
597	0.192212000
54	0.000041000
1404	0.023079000
54	0.000028000
1404	0.013400000
54	0.000023000
1111	0.008325000
60	0.000214000
1010	0.119326000
597	0.000542000
60	0.000400000
597	0.160970000
54	0.039087000
1474	0.682642000
54	0.000046000
719	0.000029000
54	0.000010000
1111	0.140226000
54	0.000043000
1111	0.010577000
60	0.000790000
597	0.529602000
54	0.036765000
1111	0.277793000
54	0.000043000
1111	0.012508000
60	0.000879000
597	0.225998000
54	0.039518000
1111	9.136949000
60	0.000497000
1514	0.000282000
165	0.000207000
60	0.000165000
597	0.199783000
54	0.000056000
1404	0.064169000
54	0.000054000
789	0.128046000
54	0.000044000
1111	3.043255000
60	0.000418000
1111	0.000139000
60	0.002381000
597	0.191309000
54	0.000041000
1404	0.185014000
54	0.000046000
789	0.007308000
54	0.000015000
597	0.491029000
60	0.000609000
1514	0.000424000
165	0.000287000
60	0.000109000
597	0.000112000
60	0.000165000
597	0.207936000
54	0.000047000
1404	0.216501000
54	0.000052000
275	0.000817000
54	0.000016000
1404	0.010710000
54	0.000045000
597	0.027463000
60	0.000272000
1303	0.104786000
54	0.039250000
1140	0.150954000
54	0.000050000
1404	0.008210000
54	0.000019000
275	0.139821000
54	0.000047000
1111	0.007722000
60	0.000910000
597	0.189834000
54	0.036160000
1474	11.225337000
54	0.000046000
205	0.000349000
54	0.000014000
1111	0.056500000
60	0.000214000
1111	0.006560000
60	0.001626000
1111	0.088453000
60	0.000387000
597	0.157415000
54	0.000043000
597	0.000445000
60	0.000507000
1140	0.141422000
1404	0.017085000
54	0.000027000
1404	0.068578000
54	0.039655000
1010	0.030841000
54	0.000032000
1111	0.011946000
60	0.001794000
597	0.195881000
54	0.039635000
1474	0.388136000
54	0.000043000
205	0.000030000
54	0.000008000
597	0.000371000
60	0.000242000
597	0.142595000
54	0.039792000
1111	0.149834000
54	0.000052000
1111	0.026956000
60	0.000764000
597	0.264810000
54	0.037573000
1111	0.200499000
54	0.000053000
1111	0.009552000
60	0.000632000
597	0.210968000
54	0.038279000
1111	0.264151000
60	0.000354000
1514	0.001075000
165	0.000095000
60	0.000156000
597	0.216687000
54	0.000083000
1404	0.166710000
54	0.000044000
789	0.025163000
54	0.000031000
597	1.383261000
1514	0.000534000
60	0.000215000
165	0.000092000
60	0.000111000
597	0.000098000
60	0.000105000
597	0.190527000
54	0.000047000
1404	0.418314000
54	0.000048000
1303	0.000432000
54	0.000017000
1404	0.012034000
54	0.000038000
275	0.126770000
54	0.000041000
1111	0.041638000
60	0.000212000
597	0.214328000
54	0.000045000
1404	0.097998000
54	0.000072000
275	0.093870000
54	0.000046000
1111	0.008593000
60	0.001811000
597	0.203871000
54	0.039173000
1111	2.709016000
60	0.000204000
597	0.196796000
54	0.000045000
1474	0.222948000
54	0.000047000
205	0.000048000
54	0.000013000
597	0.140951000
54	0.000044000
1474	13.182227000
54	0.000048000
205	0.000344000
54	0.000015000
1111	0.068295000
60	0.000740000
597	0.004031000
60	0.000296000
597	0.000126000
60	0.000109000
597	0.050266000
60	0.000195000
597	0.154837000
54	0.000047000
1140	0.190687000
54	0.000047000
1404	0.001995000
54	0.000018000
1404	0.129025000
54	0.000039000
1111	0.008566000
60	0.000196000
1010	0.002361000
54	0.040384000
597	0.148083000
54	0.000050000
1474	0.282373000
54	0.000049000
719	0.000040000
54	0.000014000
597	0.000646000
60	0.000382000
1111	0.264109000
1111	0.015240000
60	0.000841000
597	0.203686000
54	0.038611000
1111	0.152119000
54	0.000053000
1111	0.011030000
60	0.000707000
597	0.221638000
54	0.038447000
1474	3.065118000
54	0.000046000
205	0.000449000
54	0.000010000
1111	0.095978000
60	0.000311000
597	0.000135000
60	0.000110000
597	0.049926000
60	0.001173000
597	0.000135000
60	0.000128000
597	0.143161000
54	0.000044000
597	0.205497000
54	0.000048000
1404	0.058827000
54	0.000046000
1474	0.096618000
54	0.000043000
1334	0.000032000
54	0.000011000
597	0.002718000
60	0.000157000
597	0.007012000
60	0.000178000
203	0.022584000
1111	0.014424000
60	0.000398000
597	0.209723000
54	0.037542000
1404	0.043069000
54	0.000046000
1474	0.000354000
54	0.000016000
1334	0.000034000
54	0.000014000
1404	0.056629000
54	0.000049000
424	0.063080000
54	0.000055000
597	0.018168000
60	0.000196000
597	0.228295000
597	0.001669000
60	0.000165000
1474	0.267000000
1334	0.000038000
54	0.000013000
981	0.000043000
597	0.000446000
60	0.000365000
1404	0.040679000
54	0.039603000
1303	0.061498000
54	0.000048000
1111	2.320918000
60	0.000742000
597	0.195203000
54	0.000041000
1474	0.835006000
54	0.000043000
719	0.000031000
54	0.000009000
1111	0.241940000
54	0.000049000
1111	0.016284000
60	0.000205000
597	0.170555000
54	0.036824000
1404	0.086691000
54	0.000046000
304	0.067309000
54	0.000044000
1111	0.009623000
60	0.000225000
597	0.219425000
54	0.037683000
1111	0.463743000
60	0.000260000
1514	0.001091000
679	0.000091000
60	0.000317000
597	0.211530000
54	0.000047000
1404	0.164542000
54	0.000045000
1404	0.024129000
54	0.000035000
496	0.001851000
54	0.000011000
597	0.490744000
60	0.000198000
1514	0.001294000
165	0.000295000
60	0.000109000
597	0.000102000
60	0.000106000
597	0.189394000
54	0.000046000
1474	0.193972000
54	0.000047000
205	0.000046000
54	0.000009000
597	0.000384000
60	0.000106000
1404	0.023178000
597	0.016720000
60	0.001269000
1303	0.097537000
54	0.041052000
597	0.145718000
54	0.000049000
1111	0.192030000
54	0.000043000
1111	0.008360000
60	0.000746000
597	0.187611000
54	0.037202000
1111	0.143401000
60	0.000320000
1514	0.000367000
679	0.000145000
60	0.000579000
597	0.207681000
54	0.000046000
597	0.000442000
60	0.000364000
1474	0.184300000
205	0.000039000
54	0.000018000
1404	0.023641000
597	0.015251000
60	0.000215000
1332	0.099913000
54	0.039106000
597	0.152115000
54	0.000050000
1111	0.188220000
54	0.000041000
1111	0.006254000
60	0.000189000
597	0.199781000
54	0.037433000
1111	0.310222000
54	0.000088000
1111	0.017283000
60	0.000366000
597	0.198749000
54	0.036288000
1111	0.955081000
54	0.000054000
1111	0.018561000
60	0.000201000
597	0.186716000
54	0.039389000
1474	0.710853000
54	0.000054000
748	0.000046000
54	0.000013000
1111	0.008752000
60	0.000920000
597	0.200961000
54	0.038402000
1474	4.259332000
54	0.000049000
205	0.000335000
54	0.000015000
1111	0.069669000
60	0.000748000
1111	0.006097000
60	0.000194000
597	0.043620000
60	0.000732000
597	0.150945000
54	0.000041000
1404	0.180083000
54	0.000050000
1361	0.008122000
54	0.000019000
1111	0.018386000
60	0.000619000
1404	0.103147000
789	0.016428000
54	0.000023000
597	0.138961000
54	0.038917000
1474	0.241764000
54	0.000046000
719	0.000043000
54	0.000014000
1111	0.403836000
54	0.000045000
1111	0.013857000
60	0.001175000
597	0.222156000
54	0.038018000
1111	0.159416000
54	0.000044000
1111	0.030926000
60	0.000190000
597	0.186621000
54	0.037296000
1111	0.549991000
60	0.000376000
1514	0.000211000
679	0.000146000
60	0.000659000
597	0.199415000
54	0.000043000
1474	0.302840000
54	0.000050000
205	0.000041000
54	0.000013000
1404	0.014638000
54	0.000046000
597	0.025504000
60	0.000774000
1332	0.100409000
597	0.000676000
60	0.000205000
1140	0.178116000
54	0.038493000
1111	0.153920000
54	0.000053000
1111	0.016358000
60	0.000270000
597	0.186610000
54	0.038894000
1111	1.580528000
54	0.000050000
1111	0.022664000
60	0.000363000
597	0.216079000
54	0.040597000
1111	0.151414000
54	0.000044000
1111	0.008470000
60	0.001169000
597	0.201884000
54	0.036761000
1474	1.647219000
54	0.000048000
205	0.000364000
54	0.000015000
1111	0.057591000
60	0.000522000
597	0.000014000
60	0.000111000
597	0.011894000
60	0.001063000
597	0.000120000
60	0.000139000
597	0.045726000
60	0.000194000
597	0.177292000
54	0.000046000
1140	0.195899000
54	0.000059000
1404	0.006134000
54	0.000053000
1404	0.011352000
54	0.000044000
1010	0.133560000
54	0.000047000
1111	0.013560000
60	0.001323000
597	0.208073000
54	0.038762000
1404	0.137452000
54	0.000047000
789	0.016042000
54	0.000024000
1111	0.222420000
54	0.000044000
1111	0.019907000
60	0.000222000
597	0.186587000
54	0.038145000
1111	0.155917000
54	0.000053000
1111	0.021769000
60	0.001047000
597	0.194281000
54	0.039078000
1111	0.168225000
1514	0.000380000
60	0.000470000
708	0.000013000
60	0.000854000
597	0.209498000
54	0.000043000
597	0.000389000
60	0.000347000
1474	0.190576000
205	0.000037000
54	0.000013000
1404	0.017754000
597	0.003211000
60	0.000670000
1303	0.117790000
54	0.037558000
1404	0.135270000
54	0.000051000
304	0.017591000
54	0.000019000
597	0.000494000
60	0.000912000
1111	0.033920000
60	0.000617000
597	0.300952000
54	0.037331000
1111	0.857435000
54	0.000044000
1111	0.011027000
60	0.000951000
597	0.196700000
54	0.037827000
1111	0.153464000
54	0.000069000
1111	0.008209000
60	0.000510000
597	0.192507000
54	0.037908000
1474	1.329249000
54	0.000050000
205	0.000048000
54	0.000013000
597	0.004925000
60	0.000582000
1111	0.043399000
60	0.000758000
1111	0.006113000
60	0.000193000
597	0.034922000
60	0.000236000
597	0.289785000
54	0.038155000
1404	0.098740000
54	0.000048000
1404	0.014081000
54	0.000047000
1068	0.043299000
54	0.000040000
1111	0.006656000
60	0.000024000
1404	0.096833000
54	0.039797000
789	0.010793000
54	0.000022000
597	0.139423000
54	0.000046000
1474	0.229240000
54	0.000045000
719	0.000063000
54	0.000015000
1111	0.393376000
54	0.000047000
1111	0.015547000
60	0.000641000
597	0.195176000
54	0.039633000
1111	0.151986000
54	0.000054000
1111	0.014635000
60	0.001827000
1514	0.080902000
1193	0.000124000
60	0.001213000
597	0.000022000
60	0.000432000
597	0.107754000
54	0.036871000
1140	0.154573000
54	0.000051000
1404	0.132290000
54	0.000046000
1474	0.006020000
54	0.000033000
94	0.000037000
54	0.000011000
1294	0.000033000
54	0.000014000
597	0.034344000
60	0.000404000
174	0.016349000
54	0.040385000
597	0.150697000
54	0.000207000
597	0.196111000
54	0.040826000
1404	0.088441000
54	0.039760000
789	0.020582000
54	0.000139000
1111	0.044745000
60	0.000326000
597	0.000224000
60	0.000129000
597	0.189222000
54	0.039448000
1474	0.185417000
54	0.000136000
205	0.000052000
54	0.000048000
597	0.141150000
54	0.000047000
597	0.000331000
60	0.000370000
1111	0.463798000
60	0.000657000
597	0.227503000
54	0.037478000
1111	0.152286000
54	0.000038000
1111	0.535056000
60	0.000355000
597	0.000371000
60	0.000458000
597	0.208378000
54	0.000048000
597	0.268482000
60	0.000214000
597	0.090865000
60	0.000319000
1514	0.000229000
165	0.000176000
60	0.000212000
597	0.000115000
60	0.000150000
597	0.102529000
54	0.000043000
597	0.189172000
54	0.000051000
1404	0.129392000
54	0.000046000
1404	0.015215000
54	0.000017000
1404	0.012680000
54	0.000043000
203	0.034114000
54	0.000043000
1474	0.230239000
54	0.000043000
719	0.000033000
54	0.000010000
1111	0.779597000
60	0.000381000
597	0.196393000
54	0.000049000
597	0.002835000
60	0.000602000
1514	0.000306000
165	0.000216000
60	0.000298000
1404	0.090748000
54	0.036889000
275	0.012472000
54	0.000028000
597	0.016073000
60	0.000271000
1404	0.107212000
54	0.040530000
1332	0.005823000
54	0.000019000
597	0.138851000
54	0.000051000
1111	0.239874000
54	0.000047000
1111	1.015888000
60	0.000669000
597	0.192983000
54	0.000045000
1404	0.104463000
54	0.000000000
789	0.085152000
54	0.000047000
1111	0.049891000
60	0.000722000
597	0.007037000
60	0.000206000
597	0.001607000
60	0.000131000
597	0.034743000
60	0.000315000
597	0.159848000
54	0.000046000
1140	0.182559000
54	0.000048000
1404	0.136872000
54	0.000049000
789	0.055866000
54	0.000042000
597	0.000531000
60	0.000352000
1474	0.419691000
719	0.000040000
54	0.000012000
1111	0.219974000
1111	0.014616000
60	0.000488000
1111	0.198067000
60	0.000347000
1514	0.000260000
679	0.000235000
60	0.000675000
597	0.033874000
54	0.040370000
1111	0.105975000
60	0.000200000
1404	0.026813000
54	0.000028000
597	0.000290000
60	0.000153000
597	0.006007000
60	0.001210000
304	0.008169000
54	0.038414000
597	0.112921000
54	0.000044000
1404	0.048409000
54	0.000045000
1404	0.038085000
54	0.000031000
496	0.100928000
54	0.000048000
1404	0.017499000
54	0.000043000
1404	0.076449000
54	0.000039000
1111	0.012698000
60	0.000610000
1039	0.049013000
54	0.039143000
597	0.150378000
54	0.000053000
1111	1.118861000
54	0.000039000
1111	1.016775000
60	0.000287000
597	0.189334000
54	0.000043000
1111	0.545281000
54	0.000049000
1111	1.012984000
60	0.000277000
597	0.200717000
54	0.000043000
1404	0.099266000
54	0.000046000
789	0.090209000
54	0.000039000
597	0.050063000
60	0.000692000
597	0.000015000
60	0.000983000
597	0.004096000
60	0.000301000
597	0.000126000
60	0.000109000
597	0.210306000
54	0.000058000
597	0.189368000
54	0.000048000
1404	0.139385000
54	0.000046000
789	0.051524000
54	0.000031000
1111	0.449093000
60	0.000834000
1474	0.135366000
54	0.000044000
719	0.000047000
54	0.000015000
1140	0.140649000
54	0.000050000
1111	0.196087000
54	0.000044000
597	0.011627000
60	0.000206000
597	0.195817000
54	0.038295000
1111	0.153080000
54	0.000044000
1111	1.022103000
60	0.000662000
597	0.196767000
54	0.000043000
597	1.481679000
60	0.000215000
1514	0.000479000
679	0.000127000
60	0.000948000
597	0.209516000
54	0.000045000
597	0.190876000
54	0.000049000
1404	0.134020000
54	0.000046000
1404	0.009108000
54	0.000019000
1404	0.000575000
54	0.000017000
597	0.028712000
60	0.000254000
174	0.018841000
597	0.000334000
60	0.000359000
597	0.204075000
54	0.039826000
1111	0.151623000
54	0.000048000
1111	0.007842000
60	0.000601000
597	0.188134000
54	0.039715000
1111	1.290570000
54	0.000046000
1111	0.012596000
60	0.000331000
597	0.189022000
54	0.039350000
1111	0.150890000
54	0.000054000
1111	1.015707000
60	0.000253000
597	0.192733000
54	0.000043000
1474	1.731364000
54	0.000050000
205	0.000387000
54	0.000013000
597	0.035375000
60	0.000593000
597	0.000014000
60	0.000178000
597	0.031482000
60	0.000177000
597	0.156322000
54	0.040493000
597	0.169269000
54	0.000045000
1404	0.101842000
54	0.000044000
1404	0.051544000
54	0.000043000
1404	0.006824000
54	0.000041000
1111	0.006167000
60	0.000627000
203	0.027288000
54	0.039458000
597	0.147763000
54	0.000046000
1111	1.176257000
60	0.001255000
597	0.000120000
60	0.000596000
597	0.187207000
54	0.000040000
597	0.660271000
60	0.000226000
1514	0.001847000
679	0.000172000
60	0.000111000
597	0.187017000
54	0.000042000
1404	0.131910000
54	0.000049000
1404	0.056970000
54	0.000033000
1010	0.000879000
54	0.000015000
1404	0.022774000
54	0.000044000
597	0.008988000
60	0.000206000
1303	0.108042000
597	0.000520000
60	0.001051000
597	0.171724000
54	0.038414000
1111	0.149009000
54	0.000048000
1111	0.014112000
60	0.000696000
597	0.198878000
54	0.036666000
1111	0.164751000
54	0.000051000
1111	0.013369000
60	0.000643000
597	0.220636000
54	0.036550000
1404	0.047519000
54	0.000040000
789	0.105366000
54	0.000043000
597	0.000537000
60	0.000480000
1111	0.050152000
60	0.000394000
597	0.017071000
60	0.000189000
597	0.195876000
54	0.039023000
597	0.145779000
54	0.000045000
1474	0.183019000
54	0.000045000
1334	0.000043000
54	0.000015000
496	0.007543000
54	0.000033000
1111	0.018233000
60	0.000696000
597	0.139058000
54	0.037588000
1404	0.120817000
54	0.000047000
304	0.032060000
54	0.000019000
1111	0.007070000
60	0.000245000
597	0.193781000
54	0.037156000
1111	2.732499000
60	0.000192000
597	0.191664000
54	0.000043000
597	0.573945000
60	0.000475000
1514	0.002353000
679	0.000171000
60	0.000187000
597	0.185103000
54	0.000041000
1404	0.068021000
54	0.000046000
1332	0.121608000
54	0.000060000
1404	0.022829000
54	0.000043000
1404	0.010271000
54	0.000011000
1404	0.000421000
54	0.000011000
597	0.025917000
60	0.001682000
174	0.101004000
54	0.037420000
1404	0.152798000
54	0.000052000
818	0.001927000
54	0.000016000
1111	0.050688000
60	0.000271000
597	0.180639000
54	0.000043000
597	0.189363000
54	0.000052000
1111	0.220232000
60	0.000325000
1514	0.000181000
165	0.000094000
60	0.000429000
1514	0.000075000
165	0.000121000
60	0.000661000
597	0.190533000
54	0.000039000
1474	0.191436000
54	0.000054000
719	0.000062000
54	0.000014000
1111	0.528274000
54	0.000039000
597	0.008112000
60	0.000570000
597	0.190225000
54	0.036674000
1111	0.157239000
54	0.000055000
1111	0.028496000
60	0.000208000
597	0.057065000
60	0.000200000
597	0.196020000
54	0.036734000
597	2.628232000
60	0.000315000
597	0.002682000
60	0.000192000
597	0.278556000
60	0.000711000
597	0.136645000
54	0.000043000
597	0.003170000
60	0.000498000
597	0.000018000
60	0.000862000
597	0.000196000
60	0.000666000
597	0.000018000
60	0.000422000
1474	0.122773000
1334	0.000037000
54	0.000015000
1404	0.008836000
597	0.000465000
60	0.000602000
203	0.008305000
597	0.001880000
60	0.000968000
597	0.000722000
60	0.000177000
597	0.000739000
60	0.000174000
1111	0.001243000
1514	0.000434000
60	0.001357000
194	0.000020000
60	0.000948000
1111	0.002726000
60	0.000433000
597	0.000185000
60	0.000608000
597	0.000103000
60	0.000874000
1474	0.283416000
1474	0.000047000
54	0.000014000
1315	0.000044000
1404	0.009238000
54	0.000031000
1474	0.000283000
1334	0.000010000
54	0.000007000
1404	0.013681000
54	0.037360000
1474	0.078905000
54	0.000048000
1474	0.000029000
54	0.000009000
1474	0.000021000
54	0.000008000
1194	0.000020000
54	0.000008000
1474	0.011576000
54	0.000046000
1474	0.000039000
54	0.000009000
1264	0.000021000
54	0.000008000
1404	0.010823000
54	0.000042000
597	0.027314000
60	0.000194000
1474	0.091991000
1474	0.000037000
54	0.000012000
1474	0.000040000
1194	0.000007000
54	0.000006000
597	0.007282000
60	0.000444000
1474	0.000121000
1474	0.000010000
54	0.000007000
1264	0.000030000
1404	0.012446000
54	0.000042000
597	0.000463000
60	0.000494000
597	0.007918000
60	0.000965000
1474	0.110215000
1334	0.000041000
54	0.000014000
1474	0.000038000
1334	0.000007000
54	0.000007000
597	0.000972000
60	0.000347000
1474	0.006477000
1474	0.000036000
54	0.000012000
1264	0.000029000
1404	0.011359000
54	0.000033000
1474	0.122708000
1474	0.000044000
54	0.000012000
1474	0.000042000
1194	0.000007000
54	0.000006000
1474	0.006172000
1334	0.000028000
54	0.000011000
1404	0.011787000
1404	0.001811000
54	0.000022000
1474	0.119843000
1474	0.000041000
54	0.000013000
1474	0.000029000
1194	0.000007000
54	0.000007000
1474	0.006396000
1334	0.000016000
54	0.000009000
1474	0.015127000
1334	0.000036000
54	0.000013000
597	0.018811000
60	0.001153000
1474	0.099169000
1334	0.000040000
54	0.000014000
1474	0.001442000
1334	0.000011000
54	0.000008000
597	0.000453000
60	0.000526000
1404	0.002889000
1404	0.000019000
54	0.000010000
597	0.004518000
60	0.000428000
1474	0.012253000
1334	0.000031000
54	0.000012000
1474	0.118531000
1474	0.000044000
54	0.000015000
1264	0.000041000
1474	0.000007000
54	0.000007000
1334	0.000021000
1404	0.003705000
54	0.000016000
597	0.015904000
60	0.000199000
1474	0.003471000
1474	0.000023000
54	0.000010000
1264	0.000025000
54	0.039938000
1474	0.076241000
1334	0.000046000
54	0.000012000
1474	0.000031000
1334	0.000007000
54	0.000007000
1404	0.000020000
54	0.001154000
1404	0.003526000
597	0.018883000
60	0.000205000
1404	0.002400000
1474	0.000021000
54	0.000010000
1334	0.000025000
54	0.037327000
1404	0.075003000
54	0.000374000
1474	0.001196000
1474	0.000011000
54	0.000009000
1264	0.000031000
54	0.000264000
1474	0.005596000
1334	0.000020000
54	0.000010000
597	0.012642000
60	0.000896000
1474	0.008016000
1474	0.000034000
54	0.000012000
1264	0.000028000
597	0.000468000
60	0.000200000
597	0.029467000
60	0.000872000
1474	0.083525000
1474	0.000042000
54	0.000013000
1474	0.000040000
174	0.000007000
54	0.000005000
1074	0.000022000
1474	0.003560000
54	0.000027000
1334	0.000040000
1474	0.023351000
54	0.000042000
1474	0.000033000
1264	0.000007000
54	0.000007000
597	0.000582000
60	0.000533000
1474	0.113795000
1474	0.000045000
54	0.000015000
1474	0.000031000
1474	0.000007000
54	0.000007000
1124	0.000021000
1474	0.003185000
54	0.000022000
1334	0.000047000
597	0.020009000
60	0.000195000
1474	0.002259000
1474	0.000023000
54	0.000010000
1264	0.000038000
597	0.007779000
60	0.000203000
597	0.102100000
60	0.000285000
1474	0.002943000
1334	0.000019000
54	0.000011000
1474	0.000025000
1334	0.000007000
54	0.000006000
1404	0.000021000
1474	0.003839000
54	0.000018000
1334	0.000037000
597	0.000391000
60	0.000454000
1474	0.024537000
1474	0.000042000
54	0.000013000
1264	0.000037000
54	0.039576000
1474	0.071312000
1334	0.000041000
54	0.000014000
1474	0.000937000
1334	0.000010000
54	0.000007000
1474	0.002935000
1474	0.000020000
54	0.000010000
1264	0.000027000
54	0.000818000
1474	0.025608000
1474	0.000038000
54	0.000012000
1264	0.000049000
54	0.000432000
1474	0.110674000
1334	0.000041000
54	0.000013000
1474	0.000029000
1334	0.000007000
54	0.000007000
597	0.000545000
1474	0.002346000
1334	0.000009000
54	0.000007000
60	0.000023000
1404	0.001745000
597	0.000354000
60	0.001560000
1404	0.023469000
1420	0.001098000
54	0.000014000
597	0.120290000
60	0.000140000
597	0.021068000
597	0.003361000
60	0.000216000
597	0.001077000
1514	0.000447000
60	0.000533000
223	0.000017000
60	0.000196000
1111	0.008137000
60	0.000484000
1111	0.000275000
60	0.000200000
1111	0.000384000
60	0.000345000
1514	0.000201000
679	0.000177000
60	0.000148000
1111	0.070081000
60	0.000746000
597	0.000013000
60	0.000156000
597	0.133496000
60	0.000830000
597	0.048592000
54	0.038295000
1404	0.003912000
54	0.000029000
1404	0.032676000
54	0.000043000
1404	0.001330000
54	0.000016000
1111	0.002696000
60	0.000167000
597	0.001015000
60	0.000286000
597	0.000120000
60	0.000152000
597	0.000315000
60	0.000225000
597	0.000112000
60	0.000770000
1140	0.000010000
60	0.000077000
597	0.001045000
60	0.000111000
1404	0.060390000
1404	0.000810000
54	0.000012000
597	0.002396000
60	0.000206000
597	0.000471000
60	0.000271000
1111	0.000150000
60	0.000825000
1275	0.031912000
54	0.038793000
1404	0.123612000
597	0.002424000
60	0.000171000
876	0.045223000
597	0.000404000
60	0.000130000
597	0.002851000
60	0.000343000
597	0.000015000
60	0.000075000
1474	0.022634000
1474	0.000039000
54	0.000012000
1264	0.000031000
1474	0.000819000
54	0.000011000
94	0.000023000
1294	0.000006000
54	0.000315000
1404	0.000638000
1404	0.001047000
54	0.000011000
1404	0.000400000
1404	0.002447000
54	0.000011000
1404	0.063491000
597	0.013433000
60	0.000259000
1111	0.000261000
60	0.000110000
1404	0.039096000
1474	0.028405000
54	0.000047000
1474	0.000035000
1264	0.000010000
54	0.000006000
1474	0.004484000
1474	0.000023000
54	0.000010000
1474	0.000029000
1474	0.000007000
54	0.000007000
1124	0.000020000
597	0.025580000
60	0.000785000
597	0.001036000
60	0.000869000
597	0.001090000
60	0.000199000
1404	0.015843000
1474	0.024589000
54	0.000047000
1334	0.000033000
54	0.039818000
1474	0.026127000
1474	0.000040000
54	0.000013000
1474	0.000028000
1194	0.000008000
54	0.000006000
597	0.000497000
60	0.000261000
1474	0.006902000
1334	0.000036000
54	0.000013000
1474	0.000866000
1050	0.000010000
54	0.000006000
1404	0.073248000
1474	0.000905000
54	0.000018000
1334	0.000030000
1474	0.005071000
54	0.000064000
1334	0.000052000
54	0.038197000
616	0.022310000
54	0.000375000
1404	0.025177000
54	0.000140000
597	0.004887000
60	0.000210000
1332	0.135334000
597	0.006059000
60	0.000179000
1111	0.001747000
60	0.000158000
597	0.140038000
597	0.028233000
60	0.000334000
597	0.000130000
60	0.000341000
597	0.000011000
60	0.000215000
597	0.000265000
60	0.000109000
1111	0.018751000
60	0.000213000
597	0.123262000
54	0.040307000
597	0.087110000
60	0.000789000
597	0.010696000
54	0.040116000
1140	0.100078000
597	0.002857000
60	0.000556000
1111	0.010013000
60	0.000208000
1404	0.101394000
1361	0.029782000
54	0.000041000
1404	0.091782000
54	0.039237000
1332	0.053382000
54	0.000319000
597	0.004341000
60	0.000194000
1404	0.024731000
54	0.038626000
789	0.078273000
54	0.000170000
597	0.173510000
60	0.000257000
597	0.021740000
60	0.000061000
597	0.000360000
60	0.000121000
597	0.409833000
54	0.000042000
597	0.002251000
60	0.000296000
597	0.000190000
60	0.000116000
1404	0.100191000
54	0.038628000
304	0.000536000
54	0.000022000
597	0.140014000
54	0.000051000
1404	0.060102000
54	0.000042000
1404	0.000053000
54	0.000018000
981	0.130948000
54	0.000044000
597	0.021911000
60	0.000219000
597	0.111059000
60	0.000749000
597	0.000013000
60	0.002988000
1514	0.064926000
679	0.000368000
60	0.000287000
1111	0.000029000
60	0.000164000
597	0.064938000
597	0.005878000
60	0.000422000
597	0.000191000
60	0.000446000
1514	0.000266000
165	0.000228000
60	0.000258000
597	0.140264000
54	0.037991000
1474	0.013036000
54	0.000027000
1334	0.000073000
54	0.000057000
1474	0.102277000
54	0.000049000
1334	0.000043000
54	0.000014000
938	0.036277000
54	0.000037000
1140	0.192773000
54	0.000049000
597	0.000339000
60	0.000235000
1111	1.204165000
60	0.000546000
597	0.284452000
54	0.041321000
1111	0.147302000
54	0.000050000
597	0.012863000
60	0.000289000
597	0.309424000
54	0.038108000
1111	1.079404000
54	0.000043000
597	0.014011000
60	0.000674000
597	0.004843000
60	0.000071000
597	0.001684000
60	0.000402000
597	0.184873000
54	0.036852000
1404	0.009958000
54	0.000025000
1404	0.105055000
54	0.000041000
597	0.000577000
60	0.000897000
525	0.034198000
54	0.039011000
1404	0.396664000
54	0.000049000
789	0.000041000
54	0.000013000
1404	0.010670000
54	0.000023000
789	0.129383000
54	0.000055000
1111	0.126299000
60	0.000212000
1111	0.001677000
60	0.000809000
597	0.122494000
60	0.000200000
597	0.065621000
54	0.000039000
1404	0.167952000
54	0.000050000
789	0.021681000
54	0.000025000
597	0.154875000
54	0.000047000
597	0.003028000
60	0.000385000
597	0.000420000
60	0.000273000
597	0.281832000
54	0.038728000
1404	0.103071000
54	0.000037000
1404	0.000040000
54	0.000016000
1404	0.034809000
54	0.000025000
174	0.017771000
54	0.000026000
597	0.020284000
60	0.000229000
597	0.269402000
597	0.011314000
60	0.000925000
1140	0.000017000
60	0.000718000
1111	0.000015000
1514	0.000630000
1514	0.000472000
1514	0.000362000
60	0.000425000
872	0.000017000
60	0.000035000
60	0.000244000
1474	0.390003000
1334	0.000043000
54	0.000017000
981	0.000060000
1404	0.037633000
54	0.000039000
275	0.138527000
597	0.003595000
60	0.000216000
597	0.000544000
1514	0.000758000
60	0.000127000
165	0.000117000
60	0.000252000
1111	0.386482000
597	0.006521000
60	0.000237000
1111	1.726061000
60	0.000415000
597	0.245740000
54	0.037408000
1404	0.115299000
54	0.000039000
789	0.051580000
54	0.000049000
597	0.022759000
60	0.000265000
597	0.053349000
60	0.000746000
597	0.194008000
54	0.036686000
597	0.266574000
54	0.000053000
597	0.003066000
60	0.000777000
597	0.000203000
60	0.000247000
597	0.280213000
1404	0.034678000
54	0.000046000
1404	0.105156000
1404	0.007429000
54	0.000048000
1202	0.032120000
1514	0.025113000
165	0.000282000
60	0.000225000
597	0.000176000
60	0.000516000
1111	0.009383000
60	0.001625000
1111	0.070677000
60	0.000797000
597	0.119919000
54	0.037728000
1404	0.041144000
54	0.000048000
597	0.006741000
60	0.001243000
597	0.000211000
60	0.000648000
597	0.000101000
60	0.000248000
333	0.108762000
1404	0.024408000
54	0.000047000
1474	0.114230000
1334	0.000042000
54	0.000016000
203	0.025228000
1111	0.010818000
60	0.000437000
597	0.143133000
54	0.037414000
597	0.158689000
54	0.000051000
1404	0.090669000
54	0.000073000
1404	0.000924000
54	0.000017000
597	0.065773000
60	0.000275000
1111	0.002626000
60	0.000183000
597	0.000530000
60	0.000250000
1111	0.002205000
60	0.000217000
1111	0.001886000
60	0.000180000
597	0.000681000
60	0.000807000
597	0.000016000
60	0.000995000
597	0.002664000
60	0.000265000
496	0.018756000
54	0.000188000
1111	0.192867000
54	0.000191000
1111	0.045093000
60	0.000685000
597	0.263942000
54	0.000050000
1111	0.178606000
1514	0.000485000
60	0.000520000
679	0.000014000
60	0.000658000
1111	0.012791000
54	0.000040000
1111	0.018720000
60	0.001144000
597	0.153792000
54	0.039737000
597	0.174795000
54	0.000046000
1404	0.004246000
54	0.000019000
1303	0.139715000
54	0.000041000
597	0.389433000
54	0.000044000
1404	0.000506000
54	0.000018000
275	0.138852000
54	0.000040000
1111	0.018927000
60	0.000645000
597	0.265641000
54	0.038147000
1404	0.068112000
54	0.000039000
789	0.079044000
54	0.000044000
1111	0.075262000
60	0.000153000
597	0.195977000
54	0.000049000
597	0.243864000
54	0.000087000
1404	0.067614000
54	0.000048000
789	0.122551000
54	0.000045000
1111	2.636257000
60	0.001231000
597	0.000017000
60	0.000062000
597	0.192138000
54	0.000043000
597	0.717541000
1514	0.000520000
60	0.000191000
165	0.000143000
60	0.000089000
597	0.000144000
60	0.000565000
597	0.197994000
54	0.000041000
1404	0.128971000
54	0.000042000
818	0.060258000
54	0.000040000
597	0.000378000
60	0.000381000
1474	0.161511000
719	0.000042000
54	0.000019000
1404	0.079949000
54	0.039904000
1514	0.021665000
1193	0.000183000
60	0.000206000
876	0.013296000
54	0.000043000
597	0.333961000
54	0.000047000
1404	0.188302000
54	0.000044000
1303	0.001755000
54	0.000018000
597	0.000538000
60	0.000215000
1140	0.138798000
597	0.000401000
60	0.000187000
597	0.423736000
54	0.041982000
1111	0.009892000
60	0.000145000
597	0.000162000
60	0.000127000
1111	0.021251000
60	0.000743000
597	0.170352000
54	0.000049000
597	0.194162000
54	0.000051000
1404	0.160955000
54	0.000049000
789	0.028755000
54	0.000042000
597	0.411236000
54	0.000045000
1404	0.062111000
54	0.000043000
789	0.128034000
54	0.000048000
597	0.265412000
54	0.000157000
597	0.541651000
54	0.000039000
1514	0.005114000
1193	0.000147000
60	0.001530000
597	0.224202000
54	0.039402000
1474	0.182489000
54	0.000047000
719	0.000045000
54	0.000015000
1140	0.139686000
54	0.000051000
597	2.823205000
54	0.000044000
1111	1.345213000
60	0.000222000
1514	0.000485000
679	0.000132000
60	0.000644000
597	0.214890000
54	0.000049000
1404	0.177781000
54	0.000042000
789	0.017795000
54	0.000044000
597	4.483396000
60	0.000268000
597	0.000924000
60	0.000411000
597	0.122430000
54	0.000043000
597	0.101383000
60	0.000270000
597	0.000959000
60	0.000293000
1111	0.020725000
60	0.000210000
1404	0.005653000
54	0.000040000
333	0.012387000
54	0.000040000
597	0.188469000
54	0.000047000
597	0.190241000
54	0.000046000
1404	0.054739000
54	0.000030000
789	0.138806000
54	0.000043000
1474	0.341616000
54	0.000045000
719	0.000044000
54	0.000015000
597	0.303800000
54	0.000043000
1514	0.149730000
1193	0.000191000
60	0.000269000
597	0.000012000
60	0.000154000
597	0.170752000
54	0.000044000
597	0.189176000
54	0.000046000
1404	0.159304000
54	0.000048000
1404	0.025254000
54	0.000021000
496	0.005971000
54	0.000032000
597	0.189291000
54	0.000041000
597	1.991490000
54	0.000043000
597	2.178070000
54	0.000042000
1111	0.047914000
60	0.000752000
597	0.011971000
60	0.000676000
597	0.000014000
60	0.000922000
1404	0.020302000
54	0.000042000
333	0.106901000
54	0.000038000
1404	0.112673000
54	0.000051000
333	0.078737000
54	0.000041000
1404	0.079739000
54	0.000042000
789	0.110525000
54	0.000042000
1474	0.451910000
54	0.000059000
719	0.000043000
54	0.000014000
597	0.307022000
54	0.000043000
597	4.894326000
54	0.000043000
1111	0.054861000
60	0.001059000
1111	0.012475000
60	0.000213000
1404	0.028013000
54	0.000046000
1514	0.043469000
679	0.000339000
60	0.000517000
597	0.000015000
60	0.000259000
333	0.052977000
54	0.000067000
1140	0.144014000
54	0.000044000
597	0.000365000
60	0.000263000
1404	0.128048000
1332	0.012026000
54	0.000019000
1404	0.125573000
1303	0.014191000
54	0.000022000
1140	0.142138000
597	0.000579000
60	0.000936000
1474	0.287104000
719	0.000045000
54	0.000017000
597	0.499503000
54	0.040313000
597	0.809462000
54	0.000042000
597	2.253197000
54	0.000050000
1111	0.084983000
60	0.000200000
597	0.001049000
60	0.000164000
1404	0.029330000
54	0.000042000
333	0.076325000
54	0.000047000
597	0.189128000
54	0.000046000
1404	0.108919000
54	0.000042000
789	0.082650000
54	0.000044000
1111	3.016026000
60	0.000444000
597	0.000302000
60	0.000180000
597	0.217626000
54	0.000046000
597	0.495041000
60	0.000195000
1514	0.000753000
165	0.000387000
60	0.000211000
597	0.000011000
60	0.000818000
597	0.200439000
54	0.000134000
1404	0.053919000
54	0.000046000
1332	0.137213000
54	0.000045000
1404	0.157665000
54	0.000045000
1404	0.000584000
54	0.000016000
1039	0.032379000
54	0.000047000
1514	0.019527000
1193	0.000221000
60	0.000114000
597	0.140102000
54	0.037938000
597	0.152777000
54	0.000049000
1474	0.275166000
54	0.000043000
1233	0.000035000
54	0.000011000
1140	0.141264000
54	0.000039000
1111	2.851998000
60	0.000212000
597	0.174055000
54	0.000045000
1404	0.067021000
54	0.000047000
1111	0.046963000
60	0.000410000
597	0.000013000
60	0.000162000
1111	0.018908000
60	0.000200000
1404	0.021279000
54	0.000043000
69	0.045692000
54	0.000065000
597	0.000400000
60	0.000142000
1474	1.442107000
1474	0.000038000
54	0.000013000
327	0.000081000
54	0.038134000
1140	0.102119000
54	0.000046000
1404	0.571827000
54	0.000045000
275	0.001229000
54	0.000027000
1474	0.477863000
54	0.000038000
719	0.000031000
54	0.000010000
1404	0.047492000
54	0.000042000
1303	0.091915000
54	0.000043000
597	0.000446000
60	0.000628000
1111	0.017466000
1514	0.000473000
60	0.000378000
708	0.000012000
60	0.000427000
597	0.266656000
54	0.039585000
597	0.145701000
54	0.000046000
1404	0.116490000
54	0.000049000
1303	0.074915000
54	0.000041000
1140	0.193242000
54	0.000048000
1140	0.186341000
54	0.000044000
1111	0.034118000
60	0.001385000
1111	0.021697000
60	0.000765000
1140	0.118026000
597	0.000391000
60	0.000166000
597	0.140563000
54	0.037852000
1404	0.070340000
54	0.000033000
1404	0.017483000
54	0.000018000
525	0.013016000
54	0.000026000
1111	0.183065000
54	0.000226000
1474	0.672302000
54	0.000048000
205	0.000045000
54	0.000014000
597	0.138520000
54	0.000043000
597	0.189482000
54	0.000043000
597	0.189140000
54	0.000048000
597	0.230451000
54	0.000042000
1111	0.014008000
60	0.000706000
597	0.278306000
54	0.039225000
1111	0.149006000
54	0.000046000
1111	2.751620000
54	0.000044000
1111	0.035553000
60	0.000271000
1111	0.017150000
60	0.000778000
1404	0.059608000
54	0.038146000
333	0.026225000
54	0.000030000
1140	0.198794000
54	0.000046000
1404	0.176009000
54	0.000063000
818	0.016810000
54	0.000018000
1474	0.457771000
54	0.000047000
719	0.000045000
54	0.000014000
597	0.430673000
54	0.000043000
1111	0.812741000
60	0.000202000
1514	0.000512000
679	0.000115000
60	0.000156000
597	0.182182000
54	0.000048000
597	0.190911000
54	0.000049000
1404	0.169322000
54	0.000050000
1303	0.021519000
54	0.000046000
1140	0.141425000
54	0.000040000
597	2.021770000
54	0.000038000
597	0.189754000
54	0.000044000
1111	3.951851000
54	0.000042000
1111	1.461248000
1514	0.000462000
60	0.000236000
165	0.000047000
60	0.000232000
597	0.000011000
60	0.000484000
597	0.048834000
54	0.000046000
1111	0.050340000
60	0.000734000
597	0.018677000
60	0.000550000
597	0.000013000
60	0.001273000
1404	0.044819000
54	0.000071000
333	0.021912000
54	0.000059000
1140	0.139936000
54	0.000047000
1474	0.099026000
54	0.000047000
1334	0.000046000
54	0.000015000
1404	0.047190000
54	0.000039000
1404	0.016901000
54	0.000044000
1404	0.017454000
54	0.000042000
160	0.008487000
54	0.000037000
1404	0.520164000
54	0.000044000
789	0.000392000
54	0.000017000
597	0.000502000
60	0.000442000
597	0.315750000
54	0.036172000
597	1.019779000
54	0.000041000
1111	2.235241000
60	0.001033000
597	0.000020000
60	0.000345000
597	0.201391000
54	0.000048000
1404	0.188654000
54	0.000050000
789	0.003654000
54	0.000016000
597	4.072502000
60	0.000559000
1514	0.000529000
1193	0.000253000
60	0.003206000
60	0.000026000
597	0.185046000
54	0.000041000
1404	0.189669000
54	0.000047000
789	0.004859000
54	0.000031000
597	3.404989000
60	0.000235000
597	0.000312000
60	0.001507000
597	0.192753000
54	0.000047000
1474	0.682132000
54	0.000050000
719	0.000041000
54	0.000014000
1404	0.007095000
54	0.000033000
789	0.131997000
54	0.000048000
597	2.759192000
60	0.000690000
597	0.000013000
60	0.000365000
597	0.201100000
54	0.000043000
1474	0.188847000
54	0.000047000
719	0.000040000
54	0.000009000
597	1.765982000
60	0.000713000
597	0.000014000
60	0.000169000
597	0.222259000
54	0.000057000
1474	0.793822000
54	0.000048000
205	0.000049000
54	0.000013000
1404	0.018460000
54	0.000051000
1404	0.000549000
54	0.000012000
467	0.123631000
54	0.000046000
597	0.936075000
60	0.000879000
1111	0.000233000
60	0.000671000
597	0.237463000
54	0.000043000
1404	0.168097000
54	0.000047000
789	0.021279000
54	0.000038000
597	0.000355000
60	0.000370000
597	15.222926000
1111	0.007086000
60	0.000473000
597	0.271796000
54	0.040582000
1111	0.157551000
54	0.000046000
1111	4.708770000
60	0.000290000
597	0.000165000
60	0.000121000
597	0.195923000
54	0.000041000
597	0.189236000
54	0.000047000
1404	0.187670000
54	0.000047000
789	0.003350000
54	0.000017000
597	11.356510000
60	0.000289000
597	0.373850000
54	0.000047000
597	0.001421000
60	0.000088000
597	0.000011000
60	0.000201000
597	0.230546000
54	0.036842000
1404	0.135044000
54	0.000046000
1474	0.210507000
54	0.000048000
911	0.000066000
54	0.000015000
597	0.137863000
54	0.000043000
597	0.015926000
60	0.000171000
597	0.308265000
597	0.009830000
60	0.000456000
597	0.001308000
60	0.000199000
597	0.000450000
60	0.000169000
1514	0.000915000
165	0.000416000
60	0.000418000
1111	0.000223000
60	0.000259000
597	0.549423000
597	0.001403000
60	0.000156000
597	13.389432000
1514	0.000670000
60	0.000287000
708	0.000012000
60	0.000501000
597	0.214619000
54	0.036857000
597	0.155255000
54	0.000055000
597	0.000413000
60	0.000381000
1404	0.015097000
54	0.038509000
789	0.088571000
54	0.000046000
1111	11.978096000
60	0.000761000
597	0.000018000
60	0.000771000
597	0.247250000
54	0.000052000
1404	0.060685000
54	0.000051000
789	0.130971000
54	0.000045000
597	1.618727000
60	0.000338000
1514	0.000185000
165	0.000272000
60	0.000209000
597	0.000010000
60	0.000675000
1111	0.022451000
60	0.000754000
597	0.166250000
54	0.000043000
1404	0.071953000
54	0.000060000
1404	0.042267000
54	0.000037000
1097	0.075137000
54	0.000034000
1404	0.033728000
54	0.000039000
1404	0.044351000
54	0.000024000
1404	0.081216000
54	0.000039000
203	0.013423000
54	0.000035000
597	2.627477000
54	0.000047000
597	0.190150000
54	0.000045000
1111	0.010725000
60	0.001369000
597	0.248921000
54	0.039989000
1111	0.150715000
54	0.000044000
1111	3.717924000
54	0.000045000
1111	0.038657000
60	0.001222000
597	0.013843000
60	0.000194000
597	0.000629000
60	0.000873000
1404	0.065801000
54	0.038835000
333	0.020349000
54	0.000035000
1140	0.191244000
54	0.000048000
1404	0.321433000
54	0.000051000
789	0.000067000
54	0.000018000
597	0.142168000
54	0.000044000
1474	0.250697000
54	0.000046000
719	0.000045000
54	0.000014000
597	0.277539000
54	0.000045000
597	0.195200000
54	0.000046000
597	1.289219000
54	0.000043000
1111	0.049014000
60	0.000225000
597	0.013811000
60	0.000300000
597	0.000132000
60	0.000108000
1404	0.051464000
54	0.000048000
333	0.075425000
54	0.000043000
1140	0.189890000
54	0.000166000
1404	0.185069000
54	0.000045000
789	0.005773000
54	0.000018000
1404	0.638269000
54	0.000044000
275	0.000565000
54	0.000017000
597	0.139572000
54	0.000048000
597	0.189739000
54	0.000046000
1111	6.753172000
60	0.000475000
597	0.192979000
54	0.000042000
1474	0.231839000
54	0.000052000
719	0.000030000
54	0.000010000
597	4.599727000
54	0.000046000
597	0.000409000
60	0.000381000
597	3.222292000
54	0.038413000
597	1.953288000
54	0.000044000
597	3.566550000
54	0.000038000
1404	0.109231000
54	0.000047000
1111	0.040682000
60	0.000195000
597	0.000684000
60	0.000154000
597	0.000356000
60	0.000357000
876	0.046361000
54	0.000043000
597	0.148647000
54	0.000045000
597	0.199878000
54	0.000049000
1474	0.236861000
54	0.000039000
719	0.000032000
54	0.000010000
597	0.000494000
60	0.000311000
1111	4.405571000
60	0.000273000
1111	0.000497000
60	0.000234000
597	0.217334000
54	0.040238000
1404	0.041847000
54	0.000040000
789	0.107684000
54	0.000041000
597	15.657718000
54	0.000045000
1111	0.015801000
60	0.000261000
597	0.258991000
54	0.037707000
1111	0.148004000
54	0.000042000
597	0.209787000
60	0.000417000
597	0.000389000
60	0.001231000
597	0.189893000
54	0.000041000
597	0.188728000
54	0.000049000
1474	0.689487000
54	0.000038000
719	0.000030000
54	0.000010000
1111	0.098706000
60	0.000223000
597	0.217527000
54	0.000056000
1404	0.062526000
54	0.000038000
789	0.127542000
54	0.000046000
597	0.190570000
54	0.000043000
597	0.000310000
60	0.000121000
1111	2.503448000
1514	0.000401000
60	0.000448000
708	0.000012000
60	0.000161000
597	0.038305000
60	0.000222000
597	0.000231000
60	0.000179000
597	0.165362000
54	0.040799000
1404	0.136480000
54	0.000043000
1332	0.013716000
54	0.000020000
1404	0.061943000
54	0.000042000
1404	0.007102000
54	0.000017000
1404	0.047056000
54	0.000043000
203	0.024470000
54	0.000040000
1514	1.256947000
679	0.000245000
60	0.000114000
597	0.196631000
54	0.000044000
1404	0.041497000
54	0.000047000
789	0.141073000
54	0.000042000
597	3.490573000
54	0.000190000
597	0.351256000
54	0.000052000
597	2.258725000
54	0.000039000
1404	0.089327000
54	0.000042000
876	0.100164000
54	0.000045000
1111	0.038964000
60	0.001623000
597	0.196587000
54	0.040649000
1404	0.137397000
54	0.000057000
789	0.013703000
54	0.000019000
597	0.000337000
60	0.000432000