597	0.000000000
54	0.000055000
1514	0.009829000
165	0.000167000
60	0.000234000
1111	9.605796000
60	0.000250000
597	0.000568000
60	0.000104000
1111	0.615437000
60	0.000256000
597	0.078064000
54	0.038416000
597	0.117667000
54	0.000070000
1474	0.016297000
54	0.000030000
1474	0.000052000
54	0.000018000
1228	0.000039000
54	0.000015000
597	0.000495000
60	0.000233000
753	0.047161000
597	0.000607000
60	0.000145000
1111	0.067424000
60	0.000227000
1514	0.000192000
679	0.000100000
60	0.000115000
597	0.191887000
54	0.037123000
597	0.158995000
54	0.000054000
597	0.150720000
54	0.000065000
1474	0.000387000
54	0.000026000
1310	0.000057000
54	0.000023000
1392	0.021020000
54	0.000033000
210	0.043450000
54	0.000046000
597	0.162166000
54	0.000032000
597	0.075466000
54	0.000039000
1392	0.096372000
54	0.000041000
316	0.005675000
54	0.000028000
1111	4.272473000
60	0.000214000
1514	0.000130000
165	0.000166000
60	0.000223000
597	0.519849000
54	0.000061000
597	0.167773000
54	0.000073000
1392	0.003670000
54	0.000022000
316	0.061284000
54	0.000038000
597	2.212334000
60	0.000327000
597	0.000695000
60	0.000212000
597	0.387600000
54	0.000061000
1140	0.064932000
54	0.000054000
1514	0.015837000
165	0.000206000
60	0.000127000
597	0.213889000
54	0.039004000
597	0.133972000
54	0.000059000
1111	0.064960000
54	0.000042000
1111	29.246222000
60	0.000212000
1514	0.000347000
679	0.000114000
60	0.000093000
597	0.004814000
60	0.000295000
597	0.000129000
60	0.000155000
597	0.474878000
54	0.000049000
597	0.172956000
54	0.000055000
1392	0.017693000
54	0.000030000
859	0.047997000
54	0.000030000
1514	0.019286000
165	0.000141000
60	0.000187000
597	0.044763000
1392	0.036868000
54	0.000030000
1474	0.004126000
1310	0.000028000
54	0.000014000
297	0.043282000
54	0.038304000
597	0.331390000
54	0.000048000
597	0.064603000
54	0.000031000
1514	0.010556000
165	0.000202000
60	0.000196000
597	0.671957000
54	0.036988000
597	0.065284000
54	0.000031000
1514	0.011550000
165	0.000189000
60	0.000072000
597	0.653743000
54	0.037050000
597	0.066257000
54	0.000031000
1514	0.009281000
165	0.000157000
60	0.000085000
597	3.199509000
54	0.036783000
1111	0.065740000
54	0.000043000
1111	0.036772000
60	0.000204000
597	0.000066000
60	0.000126000
597	0.002400000
60	0.000282000
597	0.000100000
60	0.000120000
1514	0.026439000
165	0.000150000
60	0.000267000
597	0.450845000
1392	0.018312000
54	0.000029000
316	0.065538000
1514	0.011281000
165	0.000191000
60	0.000218000
597	0.076436000
54	0.036420000
597	0.070081000
54	0.000030000
597	0.066096000
54	0.000032000
597	0.000403000
60	0.000237000
1111	0.064091000
54	0.039016000
597	0.062224000
54	0.000034000
597	0.101512000
54	0.000021000
1474	0.172195000
54	0.000046000
515	0.000055000
54	0.000019000
287	0.064231000
54	0.000029000
597	0.551843000
54	0.000055000
597	0.064684000
54	0.000030000
1514	0.020331000
165	0.000109000
60	0.000143000
597	0.540566000
54	0.037771000
597	0.066356000
54	0.000033000
1514	0.011323000
165	0.000154000
60	0.000119000
1111	10.975614000
60	0.000296000
597	0.000737000
60	0.000123000
597	0.000873000
60	0.000122000
597	0.478769000
54	0.037648000
597	0.134540000
54	0.000048000
597	0.064583000
54	0.000030000
597	0.107808000
54	0.000057000
1111	0.064509000
54	0.000031000
1474	22.646090000
54	0.000050000
515	0.000191000
54	0.000022000
287	0.064150000
54	0.000038000
1111	2.368585000
60	0.000192000
597	0.000138000
60	0.000077000
1514	0.000345000
165	0.000137000
60	0.000136000
597	0.481069000
54	0.000057000
597	0.172863000
54	0.000054000
597	0.149544000
54	0.000037000
1392	0.022695000
54	0.000029000
316	0.041445000
54	0.000053000
597	0.129418000
54	0.000037000
597	1.875130000
60	0.000153000
1514	0.000081000
679	0.000160000
60	0.000156000
597	0.393285000
54	0.000057000
597	0.450226000
54	0.000055000
1392	0.022812000
54	0.000029000
316	0.042050000
54	0.000037000
1514	0.018389000
165	0.000198000
60	0.000113000
1474	0.112120000
515	0.000040000
54	0.000013000
287	0.066986000
54	0.036710000
597	0.585358000
54	0.000059000
597	0.064825000
54	0.000033000
1514	0.009217000
165	0.000153000
60	0.000154000
597	0.529551000
54	0.038762000
597	0.065260000
54	0.000039000
1514	0.013012000
165	0.000135000
60	0.000152000
1514	7.871345000
165	0.000170000
60	0.000115000
597	0.626471000
54	0.039174000
597	0.460591000
54	0.000054000
1474	0.001425000
54	0.000032000
1310	0.000060000
54	0.000027000
1474	0.000331000
54	0.000021000
1474	0.000048000
54	0.000022000
1228	0.000045000
54	0.000021000
676	0.063288000
54	0.000045000
597	0.106304000
54	0.000053000
1392	0.000184000
54	0.000029000
1315	0.064433000
54	0.000036000
597	0.017402000
60	0.000142000
597	0.000419000
60	0.000116000
1111	0.000886000
60	0.000124000
1111	0.000764000
60	0.000066000
597	0.000419000
60	0.000078000
1514	0.000340000
165	0.000073000
60	0.000047000
597	0.208106000
597	0.002117000
60	0.000906000
597	0.000510000
60	0.000144000
1474	0.058897000
1310	0.000047000
54	0.000021000
520	0.004917000
54	0.038481000
1392	0.023821000
54	0.000044000
830	0.002322000
54	0.000028000
1392	0.009149000
54	0.000039000
1474	0.047115000
54	0.000032000
1310	0.000049000
54	0.000018000
1296	0.008089000
54	0.000032000
1392	0.017889000
54	0.000052000
1392	0.000051000
54	0.000019000
1392	0.000168000
54	0.000020000
1474	0.047460000
54	0.000040000
1474	0.000031000
54	0.000008000
1474	0.000019000
54	0.000007000
120	0.000018000
54	0.000725000
1392	0.002357000
54	0.000143000
1474	0.048463000
1310	0.000035000
54	0.000010000
597	0.004521000
60	0.000137000
1296	0.008238000
1474	0.026532000
54	0.000032000
1474	0.000041000
1228	0.000010000
54	0.000007000
1392	0.027485000
597	0.000487000
60	0.000170000
1474	0.003775000
1474	0.000019000
54	0.000010000
1228	0.000034000
628	0.032398000
54	0.000034000
597	0.000358000
60	0.000137000
1474	0.015140000
1310	0.000061000
54	0.000019000
1392	0.000051000
1474	0.022389000
54	0.000048000
1474	0.000043000
1228	0.000011000
54	0.000007000
909	0.046347000
54	0.039169000
1474	0.774311000
54	0.000059000
1474	0.000054000
54	0.000018000
433	0.000045000
54	0.000014000
491	0.064733000
54	0.000033000
1474	0.054623000
54	0.000032000
1474	0.000051000
54	0.000016000
1228	0.000040000
54	0.000014000
210	0.009734000
54	0.000029000
597	0.000677000
60	0.000236000
597	0.122863000
1474	0.000428000
54	0.000014000
1310	0.000030000
1392	0.021495000
54	0.000045000
1392	0.000031000
54	0.038462000
957	0.004556000
54	0.000038000
1392	0.057415000
54	0.000063000
830	0.044061000
54	0.000054000
1474	0.011353000
54	0.000046000
1310	0.000048000
1474	0.000010000
54	0.000006000
1474	0.000023000
1228	0.000007000
54	0.000005000
162	0.053065000
54	0.000220000
597	0.064580000
54	0.000192000
1474	0.001210000
1310	0.000021000
54	0.000013000
1034	0.063853000
54	0.000204000
1140	0.064279000
54	0.000283000
1474	0.112960000
1474	0.000044000
54	0.000017000
433	0.000044000
54	0.000344000
491	0.064225000
54	0.000204000
1392	0.053204000
54	0.000499000
888	0.010447000
54	0.000133000
597	0.000671000
60	0.000186000
597	0.084278000
1474	0.000044000
54	0.000016000
1310	0.000043000
1392	0.023195000
54	0.000049000
239	0.041697000
54	0.038058000
1111	0.002063000
60	0.000166000
1111	0.017500000
60	0.000204000
597	0.000580000
60	0.000074000
1111	0.000424000
60	0.000093000
597	0.009535000
60	0.000131000
597	0.000107000
60	0.000088000
1111	0.000101000
60	0.000130000
597	0.031208000
60	0.000154000
597	0.067606000
54	0.000140000
597	0.002490000
60	0.000147000
597	0.061793000
597	0.001769000
60	0.000129000
597	0.119043000
54	0.036206000
1392	0.079389000
597	0.003445000
60	0.000187000
597	0.002070000
60	0.000139000
1392	0.000998000
597	0.003328000
60	0.000147000
1150	0.010602000
597	0.000479000
60	0.000221000
597	0.005818000
60	0.000172000
597	0.098340000
1474	0.001471000
54	0.000030000
1310	0.000056000
54	0.037346000
1034	0.026839000
54	0.000572000
1474	0.082655000
1310	0.000035000
54	0.000018000
597	0.006627000
60	0.000130000
578	0.013576000
54	0.037319000
1392	0.051381000
54	0.000383000
597	0.000154000
60	0.000048000
1392	0.009597000
1392	0.000374000
54	0.000029000
297	0.004566000
54	0.037488000
1140	0.067319000
54	0.000231000
597	0.000168000
60	0.000235000
1111	0.009441000
60	0.000097000
1474	0.036593000
1310	0.000020000
54	0.000009000
1092	0.017993000
54	0.039954000
597	0.008676000
60	0.000123000
597	0.000220000
60	0.000066000
597	0.012220000
60	0.000215000
597	0.132853000
54	0.000205000
597	0.004300000
60	0.000206000
597	0.191685000
54	0.037126000
597	0.066763000
1474	0.016359000
54	0.000027000
1310	0.000034000
54	0.000277000
1063	0.064118000
54	0.000417000
597	0.159412000
54	0.000202000
597	0.171441000
54	0.037136000
1392	0.012321000
54	0.039694000
316	0.014456000
54	0.000157000
597	0.004291000
60	0.000232000
597	0.250124000
54	0.038600000
597	0.873102000
54	0.000055000
1111	0.068757000
54	0.000035000
1111	0.026537000
60	0.000162000
597	0.004597000
60	0.000116000
1514	0.008600000
165	0.000168000
60	0.000105000
597	0.432312000
54	0.037561000
1474	0.145748000
54	0.000063000
1474	0.000065000
54	0.000019000
1474	0.000042000
54	0.000012000
1474	0.000043000
54	0.000015000
163	0.000040000
54	0.000010000
1392	0.055047000
54	0.000041000
811	0.009148000
54	0.000032000
1514	0.032062000
165	0.000102000
60	0.000100000
597	0.051179000
54	0.038215000
597	0.133364000
54	0.000053000
1111	0.101337000
54	0.000035000
1111	7.200707000
60	0.000151000
1514	0.000112000
165	0.000129000
60	0.000182000
597	0.519789000
54	0.000062000
597	0.011942000
60	0.000775000
597	0.156395000
1392	0.003508000
54	0.000030000
859	0.064160000
597	0.000598000
60	0.000411000
597	1.998450000
60	0.000334000
1514	0.000179000
679	0.000087000
60	0.000113000
597	0.389301000
54	0.037826000
597	0.390246000
54	0.000054000
1392	0.042613000
54	0.000036000
316	0.021417000
54	0.000194000
1514	0.018076000
165	0.000262000
60	0.000214000
1474	0.144015000
515	0.000048000
54	0.000017000
287	0.077402000
54	0.037409000
597	0.509633000
54	0.000060000
597	0.064611000
54	0.000039000
597	0.001118000
60	0.000185000
1514	0.009239000
165	0.000110000
60	0.000058000
597	0.769501000
54	0.037435000
597	0.105303000
54	0.000030000
1514	0.012585000
165	0.000105000
60	0.000127000
597	0.782757000
54	0.039018000
597	2.421957000
54	0.000053000
1111	0.064758000
54	0.000039000
1111	0.027944000
60	0.000199000
1514	0.010586000
165	0.000108000
60	0.000206000
597	0.549501000
1392	0.009977000
54	0.000031000
316	0.064791000
1514	0.017017000
165	0.000225000
60	0.000253000
597	0.064896000
1392	0.016553000
54	0.000033000
316	0.048205000
54	0.038785000
1111	12.434189000
60	0.000264000
597	0.000187000
60	0.000175000
1514	0.000532000
165	0.000212000
60	0.000112000
597	0.519901000
54	0.000060000
597	0.167005000
54	0.000053000
1392	0.005111000
54	0.000030000
316	0.059427000
54	0.000044000
597	0.112118000
54	0.000048000
597	1.157554000
54	0.000051000
597	0.068319000
54	0.000065000
597	0.935182000
60	0.000279000
1514	0.000212000
679	0.000107000
60	0.000067000
597	0.389127000
54	0.000061000
597	0.171787000
54	0.000046000
597	0.365688000
54	0.000041000
597	0.077872000
54	0.000028000
1111	0.064982000
54	0.000057000
1392	0.023438000
54	0.000037000
1514	0.008831000
165	0.000114000
60	0.000097000
830	0.032184000
54	0.036277000
597	0.740840000
54	0.000057000
597	0.121271000
54	0.000034000
1514	0.010456000
165	0.000352000
60	0.000216000
597	0.660299000
54	0.038364000
597	0.065694000
54	0.000053000
1514	0.010053000
165	0.000180000
60	0.000139000
1111	2.472725000
60	0.000287000
1514	0.000235000
679	0.000082000
60	0.000113000
597	0.484184000
54	0.038308000
597	0.149908000
54	0.000034000
1392	0.054858000
54	0.000031000
316	0.009646000
54	0.000037000
1514	0.014867000
165	0.000129000
60	0.000217000
1474	0.146128000
515	0.000031000
54	0.000014000
287	0.069483000
54	0.038548000
597	0.501957000
54	0.000046000
597	0.064424000
54	0.000030000
1514	0.011467000
165	0.000158000
60	0.000132000
597	0.395699000
54	0.038142000
597	4.289049000
54	0.000051000
597	0.064339000
54	0.000031000
1514	0.012326000
165	0.000161000
60	0.000107000
597	0.663673000
54	0.038330000
597	0.066611000
54	0.000030000
1514	0.010811000
165	0.000204000
60	0.000193000
597	1.341145000
54	0.036996000
1111	0.068189000
54	0.000029000
1111	0.030067000
60	0.000196000
597	0.000140000
60	0.000099000
597	0.004758000
60	0.000117000
597	0.000266000
60	0.000139000
1514	0.022829000
165	0.000158000
60	0.000134000
597	0.265598000
54	0.039293000
597	0.196812000
54	0.000031000
597	0.000466000
60	0.000235000
597	0.148112000
1392	0.027589000
54	0.000030000
1392	0.068317000
1121	0.000277000
54	0.000024000
1514	0.015889000
165	0.000103000
60	0.000059000
597	0.340933000
54	0.037017000
1474	0.135005000
54	0.000036000
515	0.000049000
54	0.000019000
287	0.064476000
54	0.000030000
1474	0.218867000
54	0.000051000
515	0.000056000
54	0.000019000
287	0.064223000
54	0.000028000
1111	0.028167000
60	0.000219000
597	0.000098000
60	0.000095000
597	0.002666000
60	0.000109000
597	0.000368000
60	0.000135000
1514	0.032183000
165	0.000116000
60	0.000188000
597	0.445132000
54	0.039778000
597	0.133050000
54	0.000032000
597	0.209677000
54	0.000032000
597	0.172149000
54	0.000031000
1392	0.000193000
54	0.000022000
287	0.064312000
54	0.000030000
597	0.065242000
54	0.000042000
1392	0.046543000
54	0.000029000
316	0.018953000
54	0.000029000
597	0.666990000
54	0.000058000
597	0.065514000
54	0.000053000
1514	0.012984000
165	0.000017000
60	0.000130000
1111	3.569041000
60	0.000270000
597	0.000204000
60	0.000375000
597	0.323234000
54	0.038698000
597	0.062784000
54	0.000030000
1514	0.011487000
165	0.000288000
60	0.000159000
597	0.124072000
54	0.037228000
597	0.136906000
54	0.000034000
1111	0.027707000
60	0.000286000
1514	0.000178000
679	0.000189000
60	0.000114000
597	0.143714000
54	0.038802000
1111	0.063566000
54	0.000034000
597	0.235373000
54	0.000054000
597	0.402818000
54	0.000056000
597	0.170828000
54	0.000051000
1392	0.000049000
54	0.000016000
287	0.064257000
54	0.000035000
597	0.249776000
54	0.000057000
1111	0.064642000
54	0.000059000
1514	0.018403000
165	0.000234000
60	0.000195000
597	1.011842000
54	0.037738000
1111	0.070235000
54	0.000032000
597	0.000684000
60	0.000239000
1514	0.010855000
165	0.000091000
60	0.000126000
597	1.643519000
54	0.038056000
1111	0.064018000
54	0.000040000
1111	0.027108000
60	0.000173000
1514	0.010657000
165	0.000159000
60	0.000221000
597	0.548038000
54	0.037744000
1111	0.160593000
60	0.000210000
597	0.000186000
60	0.000093000
1111	0.060395000
60	0.000171000
1514	0.000194000
165	0.000157000
60	0.000121000
597	0.217888000
54	0.000059000
597	0.171670000
54	0.000049000
1392	0.010405000
54	0.000029000
1373	0.053953000
54	0.000040000
597	0.000454000
60	0.000138000
1514	0.010904000
165	0.000171000
60	0.000080000
597	0.095725000
54	0.036194000
1140	0.068116000
54	0.000037000
597	0.067457000
54	0.000041000
1111	0.064518000
54	0.000029000
597	0.088414000
54	0.000031000
1392	0.019263000
54	0.000036000
316	0.044970000
54	0.000039000
597	0.126404000
54	0.000055000
597	0.120361000
54	0.000052000
597	0.065413000
1514	0.016199000
165	0.000236000
60	0.000204000
597	0.650358000
54	0.039850000
597	0.064286000
54	0.000052000
1514	0.011412000
165	0.000243000
60	0.000198000
1111	0.758091000
60	0.000172000
1514	0.000155000
679	0.000098000
60	0.000115000
597	0.480097000
54	0.037120000
597	0.154344000
54	0.000051000
1392	0.047742000
54	0.000036000
316	0.016756000
54	0.000045000
597	0.000257000
60	0.000092000
1514	0.005065000
165	0.000084000
60	0.000059000
597	0.152073000
1392	0.000190000
54	0.000025000
287	0.066945000
597	0.000463000
60	0.000224000
597	0.507563000
54	0.039946000
597	0.064430000
54	0.000040000
1514	0.011245000
165	0.000174000
60	0.000232000
597	0.772166000
54	0.039646000
597	0.063767000
54	0.000036000
1514	0.011800000
165	0.000112000
60	0.000149000
597	0.633165000
54	0.039093000
597	0.103719000
54	0.000050000
1111	0.065069000
54	0.000028000
1111	0.025056000
60	0.000193000
597	0.000098000
60	0.000129000
597	0.003107000
60	0.000138000
597	0.000281000
60	0.000159000
1514	0.022785000
165	0.000156000
60	0.000073000
597	0.493469000
54	0.037354000
597	0.130945000
54	0.000039000
1392	0.003904000
54	0.000029000
1514	0.012629000
165	0.000091000
60	0.000143000
859	0.048285000
54	0.040826000
597	0.070249000
54	0.000060000
1111	0.101339000
54	0.000043000
597	0.171167000
54	0.000046000
597	0.171977000
54	0.000101000
1111	0.064750000
54	0.000046000
597	0.082389000
54	0.000049000
597	0.065033000
54	0.000037000
1514	0.014581000
165	0.000170000
60	0.000076000
597	0.610453000
54	0.038673000
597	0.064538000
54	0.000042000
1514	0.012659000
165	0.000194000
60	0.000148000
1111	0.039979000
60	0.000183000
1514	0.000182000
679	0.000127000
60	0.000099000
597	0.519799000
54	0.037946000
597	0.338994000
54	0.000056000
1474	0.171149000
54	0.000049000
515	0.000056000
54	0.000018000
287	0.064950000
54	0.000040000
597	1.312409000
54	0.000055000
1111	0.064503000
54	0.000033000
1514	0.018296000
165	0.000315000
60	0.000159000
1111	0.570648000
60	0.000161000
1514	0.000304000
679	0.000098000
60	0.000090000
597	0.473434000
54	0.036266000
597	0.121199000
54	0.000045000
1392	0.016384000
54	0.000034000
597	0.049958000
60	0.000191000
597	0.000177000
60	0.000131000
316	0.002033000
54	0.000014000
597	0.000606000
60	0.000192000
597	0.000143000
60	0.000120000
1514	0.025407000
165	0.000117000
60	0.000079000
597	0.046039000
54	0.037146000
1392	0.007899000
54	0.000043000
830	0.056844000
54	0.000032000
597	0.217997000
54	0.000058000
597	0.172509000
54	0.000042000
597	0.073233000
54	0.000030000
597	0.098697000
54	0.000059000
1474	0.061920000
54	0.000037000
1310	0.000062000
54	0.000021000
549	0.002433000
54	0.000029000
1514	0.017023000
165	0.000165000
60	0.000078000
597	0.195326000
54	0.039353000
597	0.131669000
54	0.000088000
1111	0.100322000
54	0.000037000
597	0.442779000
54	0.000060000
597	0.064530000
54	0.000041000
1514	0.013833000
165	0.000142000
60	0.000072000
597	0.933300000
54	0.037214000
597	0.097055000
54	0.000036000
1514	0.010817000
165	0.000730000
60	0.000092000
597	0.783343000
54	0.039803000
1111	0.060966000
54	0.000053000
1111	0.028108000
60	0.000170000
597	0.000126000
60	0.000101000
597	0.001784000
60	0.000146000
597	0.000181000
60	0.000129000
1514	0.022420000
165	0.000107000
60	0.000113000
597	0.468161000
54	0.037577000
597	0.065083000
54	0.000044000
1140	0.065023000
54	0.000036000
1392	0.008146000
54	0.000029000
316	0.056143000
54	0.000032000
597	0.142722000
54	0.000048000
1111	0.066409000
54	0.000058000
1514	0.011268000
165	0.000149000
60	0.000081000
597	0.167188000
54	0.037384000
597	0.134198000
54	0.000063000
1111	0.064897000
54	0.000045000
597	0.179278000
54	0.000056000
597	0.065219000
54	0.000043000
1514	0.014079000
165	0.000105000
60	0.000063000
1111	0.048569000
60	0.000183000
1514	0.000239000
679	0.000088000
60	0.000114000
597	0.484142000
54	0.036759000
597	0.301942000
54	0.000054000
1392	0.033201000
54	0.000038000
1514	0.025255000
165	0.000107000
60	0.000050000
316	0.006008000
54	0.037219000
597	0.103113000
54	0.000063000
1392	0.000091000
54	0.000031000
287	0.064464000
54	0.000041000
597	0.000576000
60	0.000242000
597	0.509704000
54	0.037818000
597	0.064986000
54	0.000043000
1514	0.008305000
165	0.000160000
60	0.000109000
597	0.825775000
54	0.036586000
597	0.066068000
54	0.000024000
597	0.000278000
60	0.000202000
1514	0.012449000
165	0.000198000
60	0.000256000
597	0.620511000
54	0.039884000
1111	0.061237000
54	0.000040000
1111	0.024219000
60	0.000177000
597	0.000166000
60	0.000060000
597	0.002790000
60	0.000125000
597	0.000186000
60	0.000142000
1514	0.026324000
165	0.000141000
60	0.000138000
597	0.451215000
54	0.037033000
597	0.134746000
54	0.000041000
597	0.064574000
54	0.000032000
597	0.110657000
54	0.000040000
1111	0.066473000
54	0.000089000
597	0.220184000
54	0.000074000
597	0.158642000
54	0.000059000
1392	0.000057000
54	0.000019000
830	0.064966000
54	0.000039000
1140	0.067626000
54	0.000040000
1514	0.012583000
165	0.000136000
60	0.000166000
597	0.491606000
54	0.039335000
597	0.160623000
54	0.000043000
597	0.065320000
54	0.000040000
1514	0.010735000
165	0.000123000
60	0.000074000
1111	0.548970000
60	0.000256000
1514	0.000222000
679	0.000089000
60	0.000096000
597	0.524722000
54	0.036592000
597	0.136898000
54	0.000036000
597	0.071200000
54	0.000038000
1392	0.006913000
54	0.000029000
316	0.072461000
54	0.000029000
1392	0.019952000
54	0.000035000
1514	0.027763000
165	0.000097000
60	0.000096000
316	0.031712000
54	0.036766000
597	1.135984000
54	0.000054000
597	0.102167000
54	0.000053000
1514	0.012204000
165	0.000233000
60	0.000202000
597	1.747809000
54	0.037352000
597	0.065908000
54	0.000029000
1514	0.011985000
165	0.000148000
60	0.000073000
597	1.760223000
54	0.037512000
597	0.066213000
54	0.000033000
1514	0.008641000
165	0.000111000
60	0.000072000
597	1.274776000
54	0.038212000
1111	0.065641000
54	0.000036000
1111	0.024677000
60	0.000159000
597	0.000084000
60	0.000063000
597	0.001801000
60	0.000064000
597	0.000252000
60	0.000295000
1514	0.022016000
165	0.000101000
60	0.000047000
597	0.495965000
54	0.036861000
597	0.078148000
54	0.000030000
1392	0.057033000
54	0.000030000
316	0.007563000
54	0.000036000
1514	0.004896000
165	0.000179000
60	0.000243000
597	0.232827000
54	0.039020000
597	0.133033000
54	0.000037000
1111	0.064748000
54	0.000030000
597	0.064864000
54	0.000043000
1392	0.042798000
54	0.000030000
316	0.021466000
54	0.000029000
597	0.967373000
54	0.000051000
597	0.064724000
54	0.000030000
1514	0.018409000
165	0.000184000
60	0.000199000
597	0.661241000
54	0.036702000
597	0.070304000
54	0.000030000
1514	0.010222000
165	0.000171000
60	0.000179000
1111	1.124511000
60	0.000236000
1514	0.000222000
679	0.000120000
60	0.000116000
597	0.485684000
54	0.036213000
597	0.199767000
54	0.000053000
1392	0.025283000
54	0.000030000
316	0.039965000
54	0.000034000
1514	0.025101000
165	0.000108000
60	0.000149000
597	0.081219000
1392	0.000058000
54	0.000018000
287	0.065069000
54	0.038993000
597	0.442270000
54	0.000057000
597	0.064647000
54	0.000048000
1514	0.010472000
165	0.000305000
60	0.000063000
597	2.451783000
54	0.038381000
1111	0.062294000
54	0.000031000
1111	0.023412000
60	0.000260000
597	0.000104000
60	0.000067000
597	0.002431000
60	0.000124000
597	0.000256000
60	0.000126000
1514	0.020779000
165	0.000109000
60	0.000143000
1111	0.174414000
60	0.000255000
1514	0.000227000
679	0.000070000
60	0.000091000
597	0.192813000
54	0.038143000
597	0.133863000
54	0.000047000
597	0.085727000
54	0.000030000
1392	0.042275000
54	0.000030000
1514	0.018047000
165	0.000152000
60	0.000220000
859	0.017626000
1392	0.012155000
54	0.000012000
859	0.069513000
54	0.036155000
597	0.104071000
54	0.000052000
597	0.171586000
54	0.000033000
1392	0.000050000
54	0.000018000
830	0.065245000
54	0.000030000
597	0.107405000
54	0.000052000
597	0.000465000
60	0.000251000
1111	0.065161000
54	0.037726000
597	0.354793000
54	0.000055000
1111	0.064785000
54	0.000031000
597	0.064800000
54	0.000029000
1514	0.019398000
165	0.000099000
60	0.000185000
597	0.659167000
54	0.036568000
597	0.068136000
54	0.000029000
1514	0.013392000
165	0.000173000
60	0.000379000
597	3.616016000
597	0.000417000
60	0.000257000
1111	0.064785000
1111	0.024167000
60	0.000141000
597	0.000111000
60	0.000066000
597	0.002709000
60	0.000070000
597	0.000227000
60	0.000072000
1514	0.022240000
165	0.000170000
60	0.000072000
597	0.275971000
54	0.038472000
597	0.240755000
54	0.000035000
1111	0.064660000
54	0.000030000
1514	0.013744000
165	0.000113000
60	0.000194000
597	0.159209000
54	0.037105000
597	0.134766000
54	0.000034000
597	0.000430000
60	0.000236000
1392	0.024399000
54	0.036142000
316	0.003298000
54	0.000034000
597	0.256855000
54	0.000039000
1474	0.172946000
54	0.000033000
515	0.000051000
54	0.000018000
287	0.064514000
54	0.000029000
597	0.328627000
54	0.000047000
597	0.000479000
60	0.000239000
597	0.064232000
1514	0.014413000
165	0.000097000
60	0.000144000
597	0.643163000
54	0.038890000
597	0.063384000
54	0.000031000
1514	0.010224000
165	0.000145000
60	0.000078000
597	11.768860000
60	0.000454000
597	0.000226000
60	0.000227000
1514	0.000759000
1193	0.000209000
60	0.000234000
597	0.388726000
54	0.038443000
597	0.141290000
54	0.000052000
597	0.058816000
60	0.000187000
1514	0.000214000
679	0.000132000
60	0.000104000
597	0.154939000
54	0.000055000
1474	0.172890000
54	0.000045000
515	0.000051000
54	0.000018000
830	0.064950000
54	0.000029000
597	0.105796000
54	0.000043000
597	0.322147000
54	0.000052000
1392	0.040637000
54	0.000024000
1514	0.020576000
165	0.000111000
60	0.000095000
316	0.003106000
54	0.037546000
597	0.110233000
54	0.000055000
1392	0.000052000
54	0.000018000
287	0.065845000
54	0.000032000
597	0.991501000
54	0.000054000
597	0.065115000
54	0.000029000
1514	0.011412000
165	0.000106000
60	0.000154000
1111	3.875280000
60	0.000140000
1514	0.000197000
679	0.000075000
60	0.000094000
597	0.506002000
54	0.037629000
597	0.207211000
54	0.000055000
597	0.160892000
54	0.000055000
1474	0.010227000
54	0.000029000
1310	0.000051000
54	0.000019000
1514	0.048005000
165	0.000098000
60	0.000058000
549	0.010928000
54	0.000034000
597	0.716158000
54	0.000056000
597	0.066714000
54	0.000030000
1514	0.012416000
165	0.000145000
60	0.000108000
597	0.552420000
54	0.038234000
597	0.065169000
54	0.000031000
1514	0.012163000
165	0.000236000
60	0.000191000
597	0.714350000
1514	0.025341000
1193	0.000128000
60	0.000078000
1111	0.064895000
597	0.024382000
60	0.000189000
597	0.000163000
60	0.000071000
597	0.002778000
60	0.000154000
597	0.000152000
60	0.000051000
1514	0.028216000
165	0.000109000
60	0.000115000
597	0.417987000
54	0.039201000
597	0.132626000
54	0.000054000
1392	0.062135000
54	0.000036000
1373	0.002620000
54	0.000030000
1514	0.021641000
165	0.000196000
60	0.000166000
597	0.042615000
54	0.037853000
1392	0.004886000
54	0.000035000
1373	0.045790000
54	0.000035000
597	0.127359000
54	0.000056000
1111	0.065744000
54	0.000034000
597	0.129730000
54	0.000047000
597	0.064322000
54	0.000036000
597	0.073956000
54	0.000217000
1392	0.033942000
54	0.000035000
1514	0.012973000
165	0.000138000
60	0.000137000
1373	0.017644000
54	0.038894000
597	0.616288000
54	0.000040000
597	0.121380000
54	0.000032000
1514	0.012047000
165	0.000099000
60	0.000119000
597	3.674431000
54	0.039561000
1111	0.061052000
54	0.000041000
1111	0.031889000
60	0.000234000
597	0.000113000
60	0.000065000
597	0.002823000
60	0.000126000
597	0.000065000
60	0.000084000
1514	0.021637000
165	0.000244000
60	0.000191000
1111	0.231450000
60	0.000146000
1514	0.000152000
679	0.000106000
60	0.000068000
597	0.265068000
54	0.036284000
597	0.091335000
54	0.000058000
1392	0.043614000
54	0.000039000
316	0.022033000
54	0.000033000
597	0.000491000
60	0.000228000
1140	0.068534000
1111	0.026139000
60	0.000165000
1514	0.026181000
165	0.000169000
60	0.000119000
1392	0.027361000
830	0.017424000
54	0.000036000
597	0.114850000
54	0.037345000
1392	0.003028000
54	0.000031000
316	0.062065000
54	0.000036000
597	0.178376000
54	0.000063000
597	0.091838000
54	0.000032000
597	0.081182000
54	0.000030000
1111	0.065516000
54	0.000031000
1111	0.012426000
60	0.000154000
597	0.000063000
60	0.000102000
597	0.051579000
54	0.037468000
1392	0.004280000
316	0.038120000
54	0.000053000
597	0.160079000
54	0.000194000
1111	0.064785000
54	0.000150000
1514	0.017827000
165	0.000122000
60	0.000233000
597	0.184698000
54	0.037301000
597	0.341086000
54	0.000060000
597	0.064708000
54	0.000038000
1514	0.014041000
165	0.000089000
60	0.000114000
597	0.058731000
54	0.037252000
597	0.134753000
54	0.000049000
1111	0.103124000
54	0.000057000
597	1.061472000
54	0.000054000
597	0.064353000
54	0.000033000
1514	0.017883000
165	0.000109000
60	0.000112000
597	0.770216000
54	0.039818000
597	0.200110000
54	0.000046000
1111	0.066587000
54	0.000035000
1111	0.030411000
60	0.000186000
597	0.000142000
60	0.000107000
1514	0.011708000
165	0.000205000
60	0.000208000
597	0.019043000
60	0.000136000
597	0.000101000
60	0.000163000
597	0.358391000
54	0.036253000
597	0.136483000
54	0.000062000
597	0.178011000
54	0.000039000
597	0.100009000
54	0.000038000
1392	0.068297000
54	0.000048000
316	0.004464000
54	0.000029000
597	0.175333000
54	0.000057000
597	0.172008000
54	0.000042000
1111	0.064438000
54	0.000041000
597	0.343965000
54	0.000054000
597	0.064546000
54	0.000040000
1514	0.016982000
165	0.000410000
60	0.000134000
597	0.721237000
54	0.037302000
597	0.067436000
54	0.000053000
1514	0.010124000
165	0.000089000
60	0.000107000
1111	4.403987000
60	0.000291000
1514	0.000174000
679	0.000134000
60	0.000114000
597	0.522491000
54	0.038935000
597	0.199113000
54	0.000045000
597	0.145583000
54	0.000048000
1392	0.026270000
54	0.000034000
1392	0.000048000
54	0.000018000
597	0.000538000
60	0.000253000
1514	0.033269000
165	0.000268000
60	0.000141000
549	0.003827000
54	0.038614000
597	0.488385000
54	0.000058000
597	0.120444000
54	0.000051000
1514	0.010679000
165	0.000409000
60	0.000253000
597	0.864836000
54	0.038816000
597	0.063623000
54	0.000037000
1514	0.009561000
165	0.000097000
60	0.000118000
597	0.677789000
54	0.036922000
1111	0.067298000
54	0.000046000
1111	0.024658000
60	0.000207000
597	0.000103000
60	0.000052000
597	0.002631000
60	0.000066000
597	0.000330000
60	0.000116000
1514	0.024348000
165	0.000060000
60	0.000101000
597	0.452522000
54	0.039313000
597	0.133093000
54	0.000038000
597	0.064796000
54	0.000037000
597	0.106525000
54	0.000041000
1111	0.065110000
54	0.000060000
597	0.292668000
54	0.000088000
597	0.171383000
54	0.000103000
1111	0.065039000
54	0.000048000
597	0.243358000
54	0.000051000
597	0.064709000
54	0.000031000
1514	0.013764000
165	0.000213000
60	0.000124000
597	0.814910000
54	0.039938000
597	0.062590000
54	0.000038000
1514	0.012101000
165	0.000132000
60	0.000173000
1111	0.386624000
60	0.000236000
1514	0.000191000
679	0.000087000
60	0.000085000
597	0.164182000
60	0.000238000
597	0.000205000
60	0.000123000
597	0.322028000
597	0.000352000
60	0.000246000
597	0.170967000
1392	0.023068000
54	0.000030000
859	0.064684000
1514	0.022345000
165	0.000106000
60	0.000115000
1392	0.061859000
830	0.002670000
54	0.000030000
597	0.000550000
60	0.000015000
597	0.063422000
54	0.036533000
597	0.068951000
54	0.000030000
1111	0.065484000
54	0.000060000
597	0.311891000
54	0.000055000
597	0.064300000
54	0.000031000
1514	0.012024000
165	0.000225000
60	0.000145000
597	0.697411000
54	0.039282000
597	0.063644000
54	0.000031000
1514	0.011447000
165	0.000153000
60	0.000141000
1514	3.742663000
1193	0.000096000
60	0.000093000
597	0.628065000
54	0.037620000
597	0.276380000
54	0.000036000
597	0.072964000
54	0.000028000
1111	0.065512000
54	0.000039000
1514	0.023581000
165	0.000289000
60	0.000115000
1392	0.009286000
316	0.031687000
54	0.000031000
1474	0.726403000
515	0.000051000
54	0.000018000
287	0.065791000
1111	0.032529000
60	0.000146000
597	0.002744000
60	0.000127000
597	0.000254000
60	0.000063000
1514	0.023675000
165	0.000146000
60	0.000080000
597	0.512205000
54	0.039818000
597	0.087443000
54	0.000040000
1392	0.017860000
54	0.000029000
1514	0.011028000
165	0.000132000
60	0.000082000
1392	0.014722000
607	0.021067000
54	0.000029000
597	0.329918000
54	0.037763000
597	0.138173000
54	0.000052000
1111	0.082878000
54	0.000055000
1140	0.073699000
54	0.000040000
1514	0.019225000
165	0.000135000
60	0.000106000
597	0.685058000
54	0.036577000
597	0.067706000
54	0.000029000
1514	0.012217000
165	0.000023000
60	0.000101000
1514	0.552742000
1193	0.000096000
60	0.000054000
597	0.147020000
54	0.040084000
597	0.439240000
54	0.000060000
597	0.240919000
54	0.000038000
1474	0.172932000
54	0.000034000
515	0.000049000
54	0.000017000
1392	0.050867000
54	0.000030000
549	0.014293000
54	0.000033000
1514	0.040269000
165	0.000139000
60	0.000115000
597	0.767280000
54	0.000047000
597	0.066900000
54	0.000032000
1514	0.010363000
165	0.000183000
60	0.000142000
597	3.668775000
54	0.039230000
597	0.064022000
54	0.000030000
1514	0.010328000
165	0.000211000
60	0.000150000
597	0.808694000
60	0.000225000
1111	0.000105000
60	0.000089000
597	0.415250000
54	0.036838000
597	0.336930000
54	0.000053000
597	0.172339000
54	0.000048000
1111	0.064414000
54	0.000036000
597	0.156756000
54	0.000041000
1392	0.000190000
54	0.000022000
287	0.064639000
54	0.000030000
597	0.029572000
60	0.000190000
597	0.000157000
60	0.000089000
597	0.003096000
60	0.000110000
597	0.000216000
60	0.000129000
597	0.035015000
60	0.000130000
597	0.000108000
60	0.000128000
1514	0.026789000
165	0.000166000
60	0.000163000
597	0.291510000
54	0.036991000
597	0.127914000
54	0.000055000
597	0.064424000
54	0.000034000
597	0.118271000
54	0.000033000
1514	0.066726000
1193	0.000101000
60	0.000058000
597	0.104880000
54	0.000056000
1392	0.000054000
54	0.000015000
287	0.064636000
54	0.000038000
597	0.065075000
54	0.000042000
1392	0.042694000
54	0.000027000
316	0.021439000
54	0.000029000
597	0.127021000
54	0.000040000
1392	0.023442000
54	0.000029000
316	0.041843000
54	0.000029000
597	0.000448000
60	0.000233000
597	0.013316000
60	0.000170000
597	0.000308000
60	0.000130000
597	0.129378000
54	0.039011000
597	0.196515000
54	0.000044000
597	0.171855000
54	0.000034000
1392	0.000264000
54	0.000022000
801	0.065034000
54	0.000029000
597	0.107962000
54	0.000055000
597	0.173739000
54	0.000034000
1140	0.143659000
54	0.000032000
597	0.000524000
60	0.000246000
1514	0.013015000
165	0.000124000
60	0.000201000
597	0.147187000
54	0.039375000
1111	0.113064000
54	0.000036000
597	0.429165000
54	0.000050000
1111	0.103265000
54	0.000032000
597	0.114004000
54	0.000029000
1514	0.018298000
165	0.000157000
60	0.000107000
597	1.252040000
54	0.037655000
597	0.064322000
54	0.000031000
597	0.000430000
60	0.000252000
1514	0.012289000
165	0.000264000
60	0.000147000
1111	0.233167000
60	0.000290000
1514	0.000206000
679	0.000077000
60	0.000114000
597	0.490676000
1392	0.002863000
54	0.000030000
316	0.067300000
597	0.025647000
60	0.000242000
597	0.000121000
60	0.000100000
597	0.002598000
60	0.000116000
597	0.000198000
60	0.000774000
1514	0.023722000
165	0.000103000
60	0.000052000
597	0.124564000
54	0.037346000
1474	0.135598000
54	0.000049000
515	0.000052000
54	0.000018000
287	0.064481000
54	0.000028000
597	0.107608000
54	0.000051000
597	0.066165000
54	0.000029000
1392	0.042171000
54	0.000060000
830	0.023436000
54	0.000029000
1514	0.020075000
165	0.000104000
60	0.000346000
597	0.043884000
54	0.039935000
597	0.107040000
54	0.036785000
1111	0.065440000
54	0.038582000
597	0.277102000
54	0.000045000
597	0.172042000
54	0.000046000
1111	0.064719000
54	0.000038000
597	0.347432000
54	0.000047000
597	0.067456000
54	0.000029000
1514	0.014054000
165	0.000197000
60	0.000214000
597	0.401693000
54	0.039029000
597	0.180332000
54	0.000033000
597	0.064613000
54	0.000039000
1514	0.011078000
165	0.000120000
60	0.000129000
597	0.536022000
60	0.000478000
1514	0.000532000
1514	0.000168000
60	0.000227000
247	0.000065000
60	0.000106000
597	0.387433000
54	0.038490000
597	0.188928000
54	0.000037000
597	0.098647000
54	0.000050000
597	0.072932000
54	0.000039000
1111	0.065256000
54	0.000053000
597	0.656527000
60	0.000270000
1514	0.000192000
679	0.000095000
60	0.000117000
597	0.392969000
54	0.000058000
597	0.427984000
54	0.000048000
1392	0.040244000
54	0.000029000
316	0.024491000
54	0.000052000
1514	0.009878000
165	0.000112000
60	0.000131000
1474	0.137461000
515	0.000032000
54	0.000015000
287	0.064778000
597	0.004998000
60	0.000237000
597	0.562209000
54	0.039271000
597	0.065827000
54	0.000044000
1514	0.009459000
165	0.000305000
60	0.000222000
597	0.933378000
54	0.038759000
597	0.065306000
54	0.000031000
1514	0.013082000
165	0.000137000
60	0.000106000
597	0.894649000
54	0.038687000
1111	0.066689000
54	0.000030000
1111	0.026418000
60	0.000173000
597	0.000137000
60	0.000057000
597	0.002610000
60	0.000107000
597	0.000258000
60	0.000129000
1514	0.027736000
165	0.000406000
60	0.000193000
597	0.468347000
54	0.038678000
597	0.130943000
54	0.000055000
1392	0.008303000
54	0.000029000
859	0.056290000
54	0.000031000
1514	0.013677000
165	0.000153000
60	0.000128000
597	0.093275000
54	0.037114000
1111	0.067089000
54	0.000035000
597	0.253989000
54	0.000059000
1111	0.016077000
60	0.000245000
597	0.000196000
60	0.000082000
597	0.155200000
54	0.039046000
1111	0.064513000
54	0.000065000
597	0.000556000
60	0.000217000
597	0.071304000
54	0.039199000
597	0.062516000
54	0.000052000
1514	0.013797000
165	0.000131000
60	0.000118000
597	0.115627000
54	0.039928000
597	0.133699000
54	0.000061000
597	0.103927000
54	0.000039000
1392	0.067391000
54	0.000032000
316	0.064250000
54	0.000035000
597	0.000291000
60	0.000071000
597	0.113248000
54	0.036947000
597	0.102365000
1514	0.012048000
165	0.000150000
60	0.000185000
1111	4.261153000
60	0.000181000
1514	0.000131000
679	0.000123000
60	0.000100000
597	0.010763000
60	0.000101000
597	0.000214000
60	0.000129000
597	0.708926000
54	0.039382000
597	0.132436000
54	0.000039000
597	0.064321000
54	0.000029000
1392	0.017966000
54	0.000029000
1392	0.011035000
54	0.000029000
1092	0.035239000
54	0.000036000
1514	0.019712000
165	0.000160000
60	0.000109000
1392	0.023605000
830	0.020956000
54	0.000063000
597	0.686374000
54	0.039972000
1111	0.079218000
54	0.000044000
1111	0.027031000
60	0.000185000
1111	0.002798000
60	0.000207000
1514	0.024090000
165	0.000221000
60	0.000230000
597	0.512453000
54	0.037464000
597	0.132750000
54	0.000047000
597	0.064561000
54	0.000030000
1140	0.072697000
54	0.000056000
1514	0.013039000
165	0.000191000
60	0.000193000
1392	0.023538000
316	0.031259000
54	0.000030000
597	0.138676000
54	0.038888000
597	0.133342000
54	0.000053000
1111	0.064675000
54	0.000036000
597	0.701514000
54	0.000055000
597	0.064553000
54	0.000028000
1514	0.012402000
165	0.000108000
60	0.000141000
597	2.130575000
54	0.036500000
597	0.067787000
54	0.000040000
1514	0.015794000
165	0.000163000
60	0.000167000
597	11.934269000
54	0.037746000
597	0.063587000
54	0.000043000
1514	0.013763000
165	0.000140000
60	0.000131000
1111	0.046873000
60	0.000222000
1514	0.000210000
679	0.000107000
60	0.000109000
597	0.480198000
54	0.038646000
597	0.136057000
54	0.000032000
597	0.128069000
54	0.000032000
1392	0.042236000
54	0.000043000
316	0.021932000
54	0.000030000
597	12.465244000
60	0.000271000
597	0.391986000
54	0.000057000
597	11.374649000
54	0.000054000
597	0.002236000
60	0.000241000
597	0.062474000
54	0.038334000
597	18.246175000
60	0.000194000
597	0.000341000
60	0.000078000
597	0.000427000
60	0.000230000
597	0.390522000
54	0.000056000
597	0.171332000
54	0.000034000
597	0.172060000
54	0.000046000
1392	0.000187000
54	0.000023000
287	0.064503000
54	0.000030000
597	6.375913000
54	0.000050000
1514	0.011872000
165	0.000183000
60	0.000209000
597	5.844209000
54	0.037257000
597	0.064460000
54	0.000031000
597	0.982380000
54	0.000053000
597	0.064200000
54	0.000029000
597	7.061193000
54	0.000052000
597	0.066171000
54	0.000036000
1514	0.016485000
165	0.000205000
60	0.000191000
597	2.072188000
54	0.036322000
597	0.064784000
54	0.000029000
1514	0.013000000
165	0.000147000
60	0.000185000
597	0.731826000
54	0.038085000
1111	0.065077000
54	0.000031000
597	0.000468000
60	0.000237000
1111	0.026785000
60	0.000207000
597	0.000184000
60	0.000223000
597	0.000087000
60	0.000058000
597	0.003694000
60	0.000316000
597	0.000102000
60	0.000055000
1514	0.021359000
165	0.000144000
60	0.000112000
597	0.467491000
54	0.037471000
597	0.188086000
54	0.000091000
597	0.064548000
54	0.000031000
597	2.065116000
54	0.000050000
1111	0.064265000
54	0.000033000
597	0.277362000
54	0.000051000
1392	0.000184000
54	0.000022000
287	0.064061000
54	0.000030000
597	0.094458000
54	0.000040000
597	0.065102000
54	0.000029000
1514	0.011746000
165	0.000105000
60	0.000208000
597	0.889732000
54	0.038642000
597	0.065517000
54	0.000029000
1514	0.009510000
165	0.000131000
60	0.000106000
1111	0.726295000
60	0.000171000
1514	0.000149000
679	0.000114000
60	0.000054000
597	0.521336000
54	0.036531000
597	0.202931000
54	0.000047000
1392	0.044035000
54	0.000047000
316	0.020419000
54	0.000035000
1514	0.039752000
165	0.000221000
60	0.000120000
1474	0.067905000
54	0.000036000
515	0.000053000
54	0.000015000
597	0.000496000
60	0.000829000
287	0.063775000
54	0.039188000
597	0.713727000
54	0.000056000
597	0.104082000
54	0.000030000
1514	0.010534000
165	0.000203000
60	0.000368000
1514	0.574488000
1193	0.000098000
60	0.000062000
597	0.092631000
54	0.039736000
597	0.062185000
54	0.000031000
1514	0.009775000
165	0.000010000
60	0.000280000
597	0.701245000
54	0.038631000
597	0.069454000
54	0.000051000
597	0.308402000
54	0.000052000
1474	0.170889000
54	0.000045000
515	0.000057000
54	0.000018000
287	0.064156000
54	0.000038000
597	0.122797000
54	0.000054000
1111	0.064237000
54	0.000030000
1514	0.018175000
165	0.000114000
60	0.000108000
597	0.679294000
54	0.038031000
597	0.065607000
54	0.000044000
1514	0.009506000
165	0.000222000
60	0.000181000
597	1.084330000
597	0.034507000
60	0.000328000
597	0.064916000
1514	0.012833000
165	0.000318000
60	0.000170000
597	0.128185000
597	0.002397000
60	0.000272000
597	0.000162000
60	0.000144000
597	0.255734000
54	0.040147000
597	0.075488000
54	0.000029000
1392	0.001359000
54	0.000022000
1392	0.095349000
54	0.000046000
1092	0.064453000
54	0.000029000
597	0.015944000
60	0.000207000
597	0.218187000
597	0.010723000
60	0.000165000
597	0.000776000
60	0.000162000
597	0.000751000
60	0.000189000
1111	0.001174000
60	0.000166000
1514	0.000738000
1514	0.000281000
60	0.000134000
247	0.000066000
60	0.000074000
1514	0.000863000
1514	0.000122000
60	0.000079000
1235	0.000103000
60	0.000131000
1514	0.000269000
719	0.000110000
60	0.000058000
1514	0.000291000
1514	0.000090000
60	0.000060000
1235	0.000073000
60	0.000053000
123	0.000087000
60	0.000054000
597	0.335012000
1392	0.025720000
54	0.000030000
830	0.066025000
597	0.004080000
60	0.000264000
597	0.000218000
60	0.000159000
597	0.260770000
597	0.002490000
60	0.000159000
597	0.000737000
60	0.000289000
597	0.219487000
54	0.039457000
597	0.077590000
54	0.000028000
1474	0.019918000
54	0.000030000
1310	0.000050000
54	0.000018000
1034	0.045581000
54	0.000031000
597	0.019125000
60	0.000159000
597	0.221297000
597	0.008416000
60	0.000158000
597	0.000630000
60	0.000148000
597	0.000668000
60	0.000145000
1111	0.000544000
60	0.000161000
597	0.104516000
54	0.036912000
597	0.229537000
54	0.000036000
597	0.003585000
60	0.000123000
597	0.000956000
60	0.000129000
597	0.370419000
1392	0.020385000
54	0.000022000
316	0.065358000
597	0.004672000
60	0.000241000
597	0.001048000
60	0.000206000
597	0.386832000
1392	0.021432000
54	0.000031000
830	0.076420000
597	0.002590000
60	0.000241000
597	0.001183000
60	0.000156000
597	0.378631000
597	0.008860000
60	0.000290000
1111	1.087460000
60	0.000196000
1514	0.000585000
165	0.000195000
60	0.000132000
597	0.593005000
54	0.037058000
597	0.075600000
54	0.000038000
1392	0.058514000
54	0.000029000
316	0.005725000
54	0.000027000
597	1.579462000
60	0.000264000
597	0.000124000
60	0.000201000
1111	0.000863000
60	0.000264000
1514	0.001141000
165	0.000335000
60	0.000111000
597	2.722453000
60	0.000416000
597	0.000571000
60	0.000197000
597	0.388524000
54	0.000056000
597	0.256798000
54	0.000051000
597	0.171949000
54	0.000036000
1111	0.064797000
54	0.000029000
597	2.333311000
60	0.000440000
597	0.000684000
60	0.000204000
597	0.386897000
54	0.000056000
597	0.252434000
54	0.000054000
597	0.172065000
54	0.000036000
1111	0.065780000
54	0.000052000
597	0.833681000
60	0.000331000
597	0.000211000
60	0.000118000
597	0.438478000
54	0.000057000
597	0.324820000
54	0.000058000
597	0.170778000
54	0.000056000
1392	0.000559000
54	0.000022000
287	0.064012000
54	0.000029000
597	1.346792000
60	0.000240000
597	1.423338000
60	0.000296000
1514	0.000207000
679	0.000074000
60	0.000047000
597	0.009873000
60	0.000218000
597	0.000097000
60	0.000084000
597	0.381490000
54	0.000055000
597	0.229584000
54	0.000060000
597	0.108242000
54	0.000031000
1392	0.049579000
54	0.000029000
1474	0.014071000
54	0.000029000
1310	0.000047000
54	0.000018000
268	0.008646000
54	0.000031000
1392	0.064891000
54	0.000047000
316	0.004883000
54	0.000029000
1514	0.052768000
165	0.000205000
60	0.000115000
597	0.684735000
54	0.000059000
597	0.064792000
54	0.000029000
1514	0.012061000
165	0.000318000
60	0.000241000
597	23.193246000
54	0.038526000
597	0.066353000
54	0.000031000
1514	0.013538000
165	0.000058000
60	0.000335000
597	0.980231000
54	0.039403000
597	0.061861000
54	0.000032000
1514	0.011425000
165	0.000120000
60	0.000144000
597	2.085113000
54	0.037346000
1111	0.066675000
54	0.000029000
1111	0.031603000
60	0.000196000
597	0.000145000
60	0.000100000
597	0.000330000
60	0.000085000
1514	0.018153000
165	0.000107000
60	0.000047000
597	0.338514000
54	0.040010000
597	0.132170000
54	0.000051000
597	0.131665000
54	0.000051000
1111	0.064458000
54	0.000034000
1514	0.011127000
165	0.000205000
60	0.000154000
597	0.091635000
54	0.036535000
597	0.135689000
54	0.000042000
1111	0.066094000
54	0.000041000
1111	1.770427000
60	0.000652000
597	0.000099000
60	0.000052000
597	0.562039000
54	0.000061000
597	0.537962000
54	0.000034000
597	0.012746000
60	0.000251000
597	0.000636000
60	0.000122000
597	0.158533000
54	0.038544000
1111	0.063003000
54	0.000039000
597	0.000500000
60	0.000280000
597	0.140797000
54	0.039252000
1140	0.062792000
54	0.000051000
1514	0.015944000
165	0.000142000
60	0.000148000
597	0.514294000
597	0.000421000
60	0.000253000
1474	0.380842000
515	0.000049000
54	0.000019000
287	0.064274000
54	0.036881000
1140	0.065883000
54	0.000033000
1514	0.011922000
165	0.000195000
60	0.000203000
1111	0.514858000
60	0.000281000
1514	0.000296000
679	0.000232000
60	0.000134000
597	0.020807000
60	0.000082000
597	0.000460000
60	0.000066000
597	0.328631000
54	0.039928000
597	0.131710000
54	0.000039000
597	0.184759000
54	0.000054000
597	0.098949000
54	0.000035000
1392	0.061240000
54	0.000028000
830	0.003654000
54	0.000029000
1392	0.008943000
54	0.000033000
316	0.056212000
54	0.000042000
1392	0.015712000
54	0.000052000
316	0.050332000
54	0.000039000
1514	0.015303000
165	0.000139000
60	0.000059000
597	0.636585000
597	0.000434000
60	0.000210000
597	0.065646000
1514	0.008531000
165	0.000183000
60	0.000132000